# t_0 [s] 
519195017.399
# 	 u [cm s^-1] 				 r [cm] 				 V [cm^3 g^-1] 				 T [K] 				 E [erg g^-1] 			P [dyne cm^-2] 				 q [dyne cm^-2] 		 c_ad [cm s^-1]
6.397596407216761261e+06 1.383856502242152400e+16 1.620843863016366349e+34 2.815625041278417633e+20 5.242752333696745174e+28 2.156387979259175064e-06 0.000000000000000000e+00 2.413561760298286250e+14
1.919278922165028378e+07 4.151569506726457600e+16 1.155301665051403949e+32 2.006915269615046144e+18 3.736917934402435409e+26 2.156387979259175064e-06 0.000000000000000000e+00 2.037677854378588672e+13
3.198798203608381003e+07 6.919282511210762400e+16 1.159780960264325771e+31 2.014696411313241600e+17 3.751406581931482148e+25 2.156387979259175064e-06 0.000000000000000000e+00 6.456182723157256836e+12
4.478317485051733255e+07 9.686995515695068800e+16 2.551524013961319473e+30 4.432342356384128000e+16 8.253113568745962676e+24 2.156387979259175064e-06 0.000000000000000000e+00 3.028221621264783691e+12
5.757836766495086253e+07 1.245470852017937280e+17 8.234734221655229488e+29 1.430484725383489000e+16 2.663592283195724058e+24 2.156387979259175064e-06 0.000000000000000000e+00 1.720333392493612793e+12
7.037356047938437760e+07 1.522242152466367680e+17 3.337903934446645351e+29 5.798390651718702000e+15 1.079672388024397566e+24 2.156387979259175064e-06 0.000000000000000000e+00 1.095278953825816650e+12
8.316875329381790757e+07 1.799013452914798080e+17 1.573967362064303023e+29 2.734194218149954000e+15 5.091126448952604445e+23 2.156387979259175064e-06 0.000000000000000000e+00 7.521174885284143066e+11
9.596394610825142264e+07 2.075784753363228800e+17 8.266661670885174032e+28 1.436030955196685250e+15 2.673919478354903092e+23 2.156387979259175064e-06 0.000000000000000000e+00 5.450707883033688965e+11
1.087591389226849675e+08 2.352556053811659520e+17 4.706744096724642026e+28 8.176252965837613750e+14 1.522435291954819619e+23 2.156388451221530397e-06 0.000000000000000000e+00 4.112900155411857910e+11
1.215543317371184826e+08 2.629327354260089600e+17 2.853314171691980540e+28 4.956593768290413125e+14 9.229280591314969585e+22 2.156388451221530397e-06 0.000000000000000000e+00 3.202304828178009033e+11
1.343495245515519977e+08 2.906098654708520320e+17 1.818670114879661418e+28 3.159276692143265000e+14 5.882638848462352810e+22 2.156388451221530397e-06 0.000000000000000000e+00 2.556612091651839294e+11
1.471447173659855127e+08 3.182869955156950400e+17 1.207717430203785536e+28 2.097969462307129375e+14 3.906462733241326292e+22 2.156388923183886154e-06 0.000000000000000000e+00 2.083390061425349121e+11
1.599399634937224388e+08 3.459641255605381120e+17 8.298708328845846672e+27 1.441599155252269375e+14 2.684287582561935504e+22 2.156389867108597243e-06 0.000000000000000000e+00 1.727003693800957336e+11
1.727351563081559837e+08 3.736412556053811840e+17 5.869528151373738404e+27 1.019617775844165469e+14 1.898549485608547176e+22 2.156390811033307908e-06 0.000000000000000000e+00 1.452411590580969238e+11
1.855304024358929098e+08 4.013183856502241920e+17 4.255484287465862902e+27 7.392366407303048438e+13 1.376473985890976478e+22 2.156392226920375177e-06 0.000000000000000000e+00 1.236695411117411346e+11
1.983256485636298060e+08 4.289955156950672640e+17 3.152186804704468319e+27 5.475790455507905469e+13 1.019603561147959083e+22 2.156394114769797356e-06 0.000000000000000000e+00 1.064374391706205444e+11
2.111209480046700835e+08 4.566726457399103360e+17 2.379174648312774206e+27 4.132966285915687500e+13 7.695669104695900635e+21 2.156397418506286380e-06 0.000000000000000000e+00 9.247023007250556946e+10
2.239162474457104504e+08 4.843497757847532800e+17 1.825711652623467467e+27 3.171528234273565625e+13 5.905451474487959618e+21 2.156401666167486493e-06 0.000000000000000000e+00 8.100378231558738708e+10
2.367116535133575201e+08 5.120269058295964160e+17 1.421770629743095482e+27 2.469830069433200781e+13 4.598874910728889827e+21 2.156407329715753452e-06 0.000000000000000000e+00 7.148329183747058105e+10
2.495071128943080306e+08 5.397040358744394880e+17 1.121876759813672376e+27 1.948876427127524219e+13 3.628848403681698644e+21 2.156415353075798345e-06 0.000000000000000000e+00 6.349845495654642487e+10
2.623026789018653035e+08 5.673811659192824960e+17 8.957910011889143925e+26 1.556137389034816992e+13 2.897560153894197133e+21 2.156425736247621173e-06 0.000000000000000000e+00 5.674073741241529083e+10
2.750984048493327498e+08 5.950582959641255680e+17 7.229754943111631995e+26 1.255935917032379883e+13 2.338578775036533408e+21 2.156438951193576845e-06 0.000000000000000000e+00 5.097470805361914062e+10
2.878943440500137806e+08 6.227354260089685760e+17 5.892126956650420681e+26 1.023574637906470117e+13 1.905917244989549052e+21 2.156456413800733478e-06 0.000000000000000000e+00 4.601832056655442810e+10
3.006904965039083958e+08 6.504125560538117120e+17 4.844892741122799121e+26 8.416589572053964844e+12 1.567186467435963220e+21 2.156479067993800465e-06 0.000000000000000000e+00 4.172910611492978668e+10
3.134869688376233578e+08 6.780896860986547200e+17 4.016400391823541914e+26 6.977417119987755859e+12 1.299209566355543818e+21 2.156507385735135258e-06 0.000000000000000000e+00 3.799429147700340271e+10
3.262838143644620776e+08 7.057668161434977280e+17 3.354651839175642558e+26 5.827902373499538086e+12 1.085167531943405814e+21 2.156542782911803432e-06 0.000000000000000000e+00 3.472379158673977661e+10
3.390811397110313177e+08 7.334439461883408640e+17 2.821395538348115915e+26 4.901597306192229492e+12 9.126876036097844183e+20 2.156586675410871832e-06 0.000000000000000000e+00 3.184489499659568787e+10
3.518791048172413111e+08 7.611210762331840000e+17 2.388161067889798719e+26 4.149044591882246094e+12 7.725607244502254223e+20 2.156640479119407304e-06 0.000000000000000000e+00 2.929847786054243469e+10
3.646777096830921173e+08 7.887982062780267520e+17 2.033514134218022100e+26 3.533010997462308594e+12 6.578539890919446938e+20 2.156706553849187783e-06 0.000000000000000000e+00 2.703606622215642548e+10
3.774772741884038448e+08 8.164753363228700160e+17 1.741148202108574133e+26 3.025168669333773438e+12 5.632926923314578063e+20 2.156786315487279690e-06 0.000000000000000000e+00 2.501760918347665787e+10
3.902779049597834945e+08 8.441524663677130240e+17 1.498539984421531390e+26 2.603764325270171875e+12 4.848263278163068191e+20 2.156883067770172473e-06 0.000000000000000000e+00 2.320982377778634644e+10
4.030797619371411800e+08 8.718295964125560320e+17 1.295983822334465395e+26 2.251936313604703613e+12 4.193152209687305257e+20 2.156998226584932553e-06 0.000000000000000000e+00 2.158485119421413422e+10
4.158832183136007786e+08 8.995067264573991680e+17 1.125893864465019223e+26 1.956507999823952148e+12 3.643058550621508076e+20 2.157135567630404712e-06 0.000000000000000000e+00 2.011925156168563461e+10
4.286884873423755765e+08 9.271838565022421760e+17 9.822951285420727409e+25 1.707099937374043701e+12 3.178655555804294021e+20 2.157298394643077974e-06 0.000000000000000000e+00 1.879318894293678665e+10
4.414958889032862186e+08 9.548609865470850560e+17 8.604457934259188914e+25 1.495474941520101074e+12 2.784605416096038584e+20 2.157490483321796694e-06 0.000000000000000000e+00 1.758978686023366165e+10
4.543058495027596951e+08 9.825381165919283200e+17 7.565572682902494915e+25 1.315051458028347412e+12 2.448653140753083269e+20 2.157715609365405653e-06 0.000000000000000000e+00 1.649462249324873352e+10
4.671187423339199424e+08 1.010215246636771328e+18 6.675821200353342962e+25 1.160535805718231201e+12 2.160941785418026844e+20 2.157978492397460721e-06 0.000000000000000000e+00 1.549531034940007973e+10
4.799351005298005939e+08 1.037892376681614336e+18 5.910543000380455255e+25 1.027643970683116455e+12 1.913494427177723167e+20 2.158283852041517344e-06 0.000000000000000000e+00 1.458116908579816055e+10
4.927555105367392898e+08 1.065569506726457344e+18 5.249669019214597395e+25 9.128899821961578369e+11 1.699820116102607012e+20 2.158637823808197813e-06 0.000000000000000000e+00 1.374295826193103790e+10
5.055805054877697825e+08 1.093246636771300480e+18 4.676765464072623385e+25 8.134190354337567139e+11 1.514603146290171085e+20 2.159046543208125266e-06 0.000000000000000000e+00 1.297263421501915741e+10
5.184108317691395879e+08 1.120923766816143488e+18 4.178319228281702408e+25 7.268833380117911377e+11 1.353471879535598961e+20 2.159515673789566239e-06 0.000000000000000000e+00 1.226318736678374100e+10
5.312472890803996325e+08 1.148600896860986496e+18 3.743147440635280005e+25 6.513407054205164795e+11 1.212809927924429619e+20 2.160053710874920959e-06 0.000000000000000000e+00 1.160847357141626930e+10
5.440905171811907291e+08 1.176278026905829632e+18 3.361970963686475726e+25 5.851790579507602539e+11 1.089615565540227973e+20 2.160668205861878561e-06 0.000000000000000000e+00 1.100310847765923309e+10
5.569422220972213745e+08 1.203955156950672640e+18 3.027040109135278672e+25 5.270522284740244141e+11 9.813822012172633702e+19 2.161368126035195452e-06 0.000000000000000000e+00 1.044234010181234169e+10
5.698024571417949200e+08 1.231632286995515648e+18 2.731862315636577104e+25 4.758322371085729370e+11 8.860095129770631168e+19 2.162162438679627191e-06 0.000000000000000000e+00 9.921970643067632675e+09
5.826733548470470905e+08 1.259309417040358656e+18 2.470971795074882344e+25 4.305696330119756470e+11 8.017296036220580659e+19 2.163061526966996183e-06 0.000000000000000000e+00 9.438276700177717209e+09
5.955554483460119963e+08 1.286986547085201920e+18 2.239754749490090929e+25 3.904630564471823120e+11 7.270503246701325517e+19 2.164077189956192102e-06 0.000000000000000000e+00 8.987956909542486191e+09
6.084508701708252430e+08 1.314663677130044928e+18 2.034298546190273866e+25 3.548327528781283569e+11 6.607059590502823526e+19 2.165221226706104620e-06 0.000000000000000000e+00 8.568067064852443695e+09
6.213612197205886841e+08 1.342340807174887936e+18 1.851272060621162201e+25 3.230999977539882812e+11 6.016189096233549005e+19 2.166506380200333655e-06 0.000000000000000000e+00 8.175973673741013527e+09
6.342875632613701820e+08 1.370017937219730944e+18 1.687832263165781810e+25 2.947709880659223633e+11 5.488697049259886182e+19 2.167947281271902146e-06 0.000000000000000000e+00 7.809322811201641083e+09
6.472325664583393335e+08 1.397695067264573952e+18 1.541544764325728581e+25 2.694228016854367371e+11 5.016708551668847411e+19 2.169559032716188369e-06 0.000000000000000000e+00 7.466003357195459366e+09
6.601983618436319828e+08 1.425372197309416960e+18 1.410315887298282186e+25 2.466917877677324524e+11 4.593452349166018560e+19 2.171358625177993198e-06 0.000000000000000000e+00 7.144113621379351616e+09
6.731870819493837357e+08 1.453049327354260224e+18 1.292342870261564097e+25 2.262646802132670288e+11 4.213095361883285094e+19 2.173363049302117511e-06 0.000000000000000000e+00 6.841942026032671928e+09
6.862008593077305555e+08 1.480726457399103232e+18 1.186066169406048301e+25 2.078706303514754333e+11 3.870594331294154752e+19 2.175592127507495451e-06 0.000000000000000000e+00 6.557942030930601120e+09
6.992434258499097824e+08 1.508403587443946240e+18 1.090134812969630696e+25 1.912749535715860901e+11 3.561579381180141158e+19 2.178066626137771826e-06 0.000000000000000000e+00 6.290715717256257057e+09
7.123169141080572605e+08 1.536080717488789504e+18 1.003374283252073610e+25 1.762735634727988281e+11 3.282250380350534451e+19 2.180808255461302958e-06 0.000000000000000000e+00 6.038994011469253540e+09
7.254250560134104490e+08 1.563757847533632000e+18 9.247614483574230388e+24 1.626887710481891174e+11 3.029298722573791642e+19 2.183841557520579285e-06 0.000000000000000000e+00 5.801626900729170799e+09
7.385715834972069263e+08 1.591434977578475008e+18 8.534023455215203354e+24 1.503652174381811829e+11 2.799831593602063974e+19 2.187191546320446152e-06 0.000000000000000000e+00 5.577565770917616844e+09
7.517596953576503992e+08 1.619112107623318272e+18 7.885142905436470124e+24 1.391669763787233887e+11 2.591318018154126131e+19 2.190886539602237929e-06 0.000000000000000000e+00 5.365857100588380814e+09
7.649941897920460701e+08 1.646789237668161536e+18 7.294105752949431481e+24 1.289747408408732910e+11 2.401536474559854182e+19 2.194956270994355830e-06 0.000000000000000000e+00 5.165630513908307076e+09
7.782798649976997375e+08 1.674466367713004544e+18 6.754869509283242115e+24 1.196835080826659241e+11 2.228531789944980275e+19 2.199432361974622827e-06 0.000000000000000000e+00 4.976089260927903175e+09
7.916209860388822556e+08 1.702143497757847552e+18 6.262109350965505784e+24 1.112007688362511749e+11 2.070581422519318938e+19 2.204349265794996427e-06 0.000000000000000000e+00 4.796505003668260574e+09
8.050228842459336519e+08 1.729820627802690560e+18 5.811121050856729090e+24 1.034447802323498230e+11 1.926163303071259853e+19 2.209743795519211227e-06 0.000000000000000000e+00 4.626209515204597473e+09
8.184908909491926432e+08 1.757497757847533568e+18 5.397742946151347324e+24 9.634326795980146790e+10 1.793931668908871066e+19 2.215656539909846602e-06 0.000000000000000000e+00 4.464591145781151772e+09
8.320319368781008720e+08 1.785174887892376576e+18 5.018283075545692272e+24 8.983203896045333862e+10 1.672691231950451507e+19 2.222129503616549198e-06 0.000000000000000000e+00 4.311085493559922218e+09
8.456518864960314035e+08 1.812852017937219840e+18 4.669459917685749386e+24 8.385409100585577393e+10 1.561380598857580544e+19 2.229209410912519836e-06 0.000000000000000000e+00 4.165173864395072937e+09
8.593582036654593945e+08 1.840529147982062848e+18 4.348351603012052095e+24 7.835863359414768982e+10 1.459054039931673190e+19 2.236945817845094721e-06 0.000000000000000000e+00 4.026376976240099907e+09
8.731578191158258915e+08 1.868206278026906112e+18 4.052358532141236261e+24 7.330048893889588928e+10 1.364870335401696461e+19 2.245392528122808478e-06 0.000000000000000000e+00 3.894255506371884346e+09
8.870587298426401615e+08 1.895883408071749120e+18 3.779155699031131141e+24 6.863922877910845947e+10 1.278076702647253606e+19 2.254607121153042207e-06 0.000000000000000000e+00 3.768401816637413025e+09
9.010699991074787378e+08 1.923560538116591616e+18 3.526660917307743121e+24 6.433864289877103424e+10 1.197998899921912627e+19 2.264651895966731181e-06 0.000000000000000000e+00 3.648437869557497501e+09
9.152001570388848782e+08 1.951237668161434880e+18 3.293011315719374782e+24 6.036634681573446655e+10 1.124033921438774067e+19 2.275594815143078059e-06 0.000000000000000000e+00 3.534015533888349533e+09
9.294593331645032167e+08 1.978914798206278144e+18 3.076534398750703078e+24 5.669324670071686554e+10 1.055640034051102925e+19 2.287509032847197122e-06 0.000000000000000000e+00 3.424811485568063259e+09
9.438576570119785070e+08 2.006591928251121152e+18 2.875726656811564653e+24 5.329319123637738800e+10 9.923302947959406592e+18 2.300474310717180278e-06 0.000000000000000000e+00 3.320525886723267555e+09
9.584057912419893742e+08 2.034269058295964160e+18 2.689235399033199950e+24 5.014260886584214783e+10 9.336657963862814720e+18 2.314575601977031059e-06 0.000000000000000000e+00 3.220879445786820889e+09
9.731159979143164158e+08 2.061946188340807168e+18 2.515840907303670138e+24 4.722027937330384064e+10 8.792514139943717888e+18 2.329907299097863466e-06 0.000000000000000000e+00 3.125613564645031452e+09
9.880000059557061195e+08 2.089623318385650176e+18 2.354442042524540489e+24 4.450700966474855804e+10 8.287297682214738944e+18 2.346570873986127422e-06 0.000000000000000000e+00 3.034486535774076462e+09
1.003071676825041056e+09 2.117300448430493184e+18 2.204045846318202617e+24 4.198548207496820068e+10 7.817784005429163008e+18 2.364676765833026292e-06 0.000000000000000000e+00 2.947274448146808147e+09
1.018343805715135336e+09 2.144977578475336448e+18 2.063751961856875388e+24 3.963998445317146301e+10 7.381047474460831744e+18 2.384345797001587538e-06 0.000000000000000000e+00 2.863767424305269241e+09
1.033830787217905402e+09 2.172654708520179456e+18 1.932746742892736329e+24 3.745631646528731537e+10 6.974443957598358528e+18 2.405710588913727450e-06 0.000000000000000000e+00 2.783771214577320099e+09
1.049549148457402945e+09 2.200331838565022464e+18 1.810290656918034442e+24 3.542153510972056580e+10 6.595563441050014720e+18 2.428915090087895812e-06 0.000000000000000000e+00 2.707102477445009232e+09
1.065513817158578396e+09 2.228008968609865472e+18 1.695713142051071171e+24 3.352390038190850449e+10 6.242219911571264512e+18 2.454117879875566619e-06 0.000000000000000000e+00 2.633590686068328857e+09
1.081741853578517675e+09 2.255686098654708480e+18 1.588406251767050831e+24 3.175274184228379822e+10 5.912426511142200320e+18 2.481492168461234689e-06 0.000000000000000000e+00 2.563076820963039875e+09
1.098251384240374565e+09 2.283363228699551488e+18 1.487815592525402179e+24 3.009832024367144775e+10 5.604369771701321728e+18 2.511229572561263411e-06 0.000000000000000000e+00 2.495411293577188969e+09
1.115060002534268856e+09 2.311040358744394752e+18 1.393437479355521257e+24 2.855176073258943176e+10 5.316397177088913408e+18 2.543540587386239225e-06 0.000000000000000000e+00 2.430454273287863731e+09
1.132186901249421835e+09 2.338717488789237760e+18 1.304813340653657260e+24 2.710495518118777466e+10 5.046998977051154432e+18 2.578656946452748715e-06 0.000000000000000000e+00 2.368074458535447121e+09
1.149651806308089733e+09 2.366394618834080768e+18 1.221524818486386993e+24 2.575048640007478333e+10 4.794794075510882304e+18 2.616835397282224659e-06 0.000000000000000000e+00 2.308148386215641499e+09
1.167475509898595572e+09 2.394071748878923776e+18 1.143191190362624570e+24 2.448157370446131897e+10 4.558519894870538240e+18 2.658359589250367779e-06 0.000000000000000000e+00 2.250560398081266880e+09
1.185678271076229095e+09 2.421748878923766784e+18 1.069464519787911519e+24 2.329199490741642761e+10 4.337017850994285568e+18 2.703544793210700925e-06 0.000000000000000000e+00 2.195201294489182949e+09
1.204281948295381546e+09 2.449426008968609792e+18 1.000028064800290894e+24 2.217604830423385239e+10 4.129226274618052608e+18 2.752740261306349118e-06 0.000000000000000000e+00 2.141968532453280210e+09
1.223308400010444164e+09 2.477103139013452800e+18 9.345924265304591077e+23 2.112849140099098587e+10 3.934169002479890432e+18 2.806334890518305668e-06 0.000000000000000000e+00 2.090765145023305178e+09
1.242778951542774439e+09 2.504780269058295808e+18 8.728935150589376190e+23 2.014450559301446152e+10 3.750948800376876032e+18 2.864762414251344222e-06 0.000000000000000000e+00 2.041499666741986036e+09
1.262715994479797840e+09 2.532457399103138816e+18 8.146901825454350533e+23 1.921964779922277832e+10 3.578738357379203584e+18 2.928506593919927424e-06 0.000000000000000000e+00 1.994085242070549011e+09
1.283140854142871141e+09 2.560134529147982336e+18 7.597626049463267812e+23 1.834982378324794388e+10 3.416775318167597568e+18 2.998107826421188774e-06 0.000000000000000000e+00 1.948439637296013594e+09
1.304075922119420052e+09 2.587811659192825344e+18 7.079100937980931473e+23 1.753125818463426590e+10 3.264356702780258816e+18 3.074172583382040133e-06 0.000000000000000000e+00 1.904484970560066462e+09
1.325541990597768068e+09 2.615488789237668352e+18 6.589493896887157465e+23 1.676045413703638649e+10 3.120831387437424128e+18 3.157380962556865522e-06 0.000000000000000000e+00 1.862146726358056784e+09
1.347558252367136478e+09 2.643165919282511360e+18 6.127135225884192308e+23 1.603417493828049660e+10 2.985596691468674560e+18 3.248496599036983526e-06 0.000000000000000000e+00 1.821353797917202234e+09
1.370144966482815504e+09 2.670843049327354368e+18 5.690500362883821721e+23 1.534942455408723068e+10 2.858094747065630720e+18 3.348381296083672786e-06 0.000000000000000000e+00 1.782038391862791300e+09
1.393318660068856239e+09 2.698520179372197376e+18 5.278195975054541120e+23 1.470340484136820793e+10 2.737804534170878976e+18 3.458005408299993975e-06 0.000000000000000000e+00 1.744134466710535526e+09
1.417095327116277456e+09 2.726197309417040384e+18 4.888960552605162469e+23 1.409354330536237144e+10 2.624247048914434560e+18 3.578466248162658790e-06 0.000000000000000000e+00 1.707580175086772442e+09
1.441488829083960772e+09 2.753874439461883392e+18 4.521623932756628708e+23 1.351739826992122459e+10 2.516967646123806720e+18 3.711008380403315620e-06 0.000000000000000000e+00 1.672312984436627865e+09
1.466510361765619516e+09 2.781551569506725888e+18 4.175130180627193408e+23 1.297272091922442436e+10 2.415547591620355072e+18 3.857041556578065317e-06 0.000000000000000000e+00 1.638274021178099871e+09
1.492167389023728609e+09 2.809228699551568896e+18 3.848510290215528185e+23 1.245741542464145660e+10 2.319596637758083584e+18 4.018172336545282904e-06 0.000000000000000000e+00 1.605406365226257086e+09
1.518465775321660995e+09 2.836905829596411904e+18 3.540865985811009461e+23 1.196948638121609497e+10 2.228743235987823616e+18 4.196230046395174424e-06 0.000000000000000000e+00 1.573652240274135113e+09
1.545407653191552401e+09 2.864582959641255424e+18 3.251374949397730584e+23 1.150708902898863220e+10 2.142643888171787008e+18 4.393308311137068683e-06 0.000000000000000000e+00 1.542956717248408794e+09
1.572991423234301567e+09 2.892260089686098432e+18 2.979273877584173240e+23 1.106848109552237892e+10 2.060974179561935104e+18 4.611804227574926813e-06 0.000000000000000000e+00 1.513265115775941372e+09
1.601211754119568586e+09 2.919937219730941952e+18 2.723850209506269740e+23 1.065203137340858459e+10 1.983430375949217024e+18 4.854477359601791066e-06 0.000000000000000000e+00 1.484524007496161699e+09
1.630059049452742815e+09 2.947614349775784960e+18 2.484434562474924132e+23 1.025617673113118935e+10 1.909721418997256960e+18 5.124496462472990714e-06 0.000000000000000000e+00 1.456678649453863144e+09
1.659521580307077885e+09 2.975291479820627968e+18 2.260394126004793618e+23 9.879488115139505386e+09 1.839581215965438976e+18 5.425547090223202830e-06 0.000000000000000000e+00 1.429677980823125124e+09
1.689582819558521748e+09 3.002968609865470976e+18 2.051124656224226939e+23 9.520581571553594589e+09 1.772752071765552384e+18 5.761886343299709859e-06 0.000000000000000000e+00 1.403468747134736776e+09
1.720222508151784420e+09 3.030645739910313984e+18 1.856044690191136913e+23 9.178174110476293564e+09 1.708995091012777216e+18 6.138483985306711056e-06 0.000000000000000000e+00 1.377999794796298981e+09
1.751418787632475138e+09 3.058322869955156992e+18 1.674589124361091935e+23 8.851047022805709839e+09 1.648083347539943936e+18 6.561145153217765770e-06 0.000000000000000000e+00 1.353219760234392643e+09
1.783145001348897219e+09 3.086000000000000000e+18 1.506205566935775576e+23 8.538052128931586266e+09 1.589803047917780224e+18 7.036680263823817452e-06 0.000000000000000000e+00 1.329077812251696587e+09
0.000000000000000000e+00 3.113677130044843008e+18 6.017322870225328396e+23 1.000000000000000182e+04 1.862020779342233154e+12 2.062955924088001060e-12 0.000000000000000000e+00 1.438371293180910870e+06
0.000000000000000000e+00 3.141354260089686016e+18 6.017322870225328396e+23 1.000000000000000182e+04 1.862020779342233154e+12 2.062955924088001060e-12 0.000000000000000000e+00 1.438371293180910870e+06
0.000000000000000000e+00 3.169031390134529024e+18 6.017322870225328396e+23 1.000000000000000182e+04 1.862020779342233154e+12 2.062955924088001060e-12 0.000000000000000000e+00 1.438371293180910870e+06
0.000000000000000000e+00 3.196708520179372032e+18 6.017322870225328396e+23 1.000000000000000182e+04 1.862020779342233154e+12 2.062955924088001060e-12 0.000000000000000000e+00 1.438371293180910870e+06
0.000000000000000000e+00 3.224385650224215040e+18 6.017322870225328396e+23 1.000000000000000182e+04 1.862020779342233154e+12 2.062955924088001060e-12 0.000000000000000000e+00 1.438371293180910870e+06
0.000000000000000000e+00 3.252062780269058560e+18 6.017322870225328396e+23 1.000000000000000182e+04 1.862020779342233154e+12 2.062955924088001060e-12 0.000000000000000000e+00 1.438371293180910870e+06
0.000000000000000000e+00 3.279739910313901568e+18 6.017322870225328396e+23 1.000000000000000182e+04 1.862020779342233154e+12 2.062955924088001060e-12 0.000000000000000000e+00 1.438371293180910870e+06
0.000000000000000000e+00 3.307417040358744576e+18 6.017322870225328396e+23 1.000000000000000182e+04 1.862020779342233154e+12 2.062955924088001060e-12 0.000000000000000000e+00 1.438371293180910870e+06
0.000000000000000000e+00 3.335094170403587584e+18 6.017322870225328396e+23 1.000000000000000182e+04 1.862020779342233154e+12 2.062955924088001060e-12 0.000000000000000000e+00 1.438371293180910870e+06
0.000000000000000000e+00 3.362771300448430592e+18 6.017322870225328396e+23 1.000000000000000182e+04 1.862020779342233154e+12 2.062955924088001060e-12 0.000000000000000000e+00 1.438371293180910870e+06
0.000000000000000000e+00 3.390448430493274112e+18 6.017322870225328396e+23 1.000000000000000182e+04 1.862020779342233154e+12 2.062955924088001060e-12 0.000000000000000000e+00 1.438371293180910870e+06
0.000000000000000000e+00 3.418125560538117120e+18 6.017322870225328396e+23 1.000000000000000182e+04 1.862020779342233154e+12 2.062955924088001060e-12 0.000000000000000000e+00 1.438371293180910870e+06
0.000000000000000000e+00 3.445802690582960128e+18 6.017322870225328396e+23 1.000000000000000182e+04 1.862020779342233154e+12 2.062955924088001060e-12 0.000000000000000000e+00 1.438371293180910870e+06
0.000000000000000000e+00 3.473479820627803136e+18 6.017322870225328396e+23 1.000000000000000182e+04 1.862020779342233154e+12 2.062955924088001060e-12 0.000000000000000000e+00 1.438371293180910870e+06
0.000000000000000000e+00 3.501156950672646144e+18 6.017322870225328396e+23 1.000000000000000182e+04 1.862020779342233154e+12 2.062955924088001060e-12 0.000000000000000000e+00 1.438371293180910870e+06
0.000000000000000000e+00 3.528834080717489152e+18 6.017322870225328396e+23 1.000000000000000182e+04 1.862020779342233154e+12 2.062955924088001060e-12 0.000000000000000000e+00 1.438371293180910870e+06
0.000000000000000000e+00 3.556511210762332160e+18 6.017322870225328396e+23 1.000000000000000182e+04 1.862020779342233154e+12 2.062955924088001060e-12 0.000000000000000000e+00 1.438371293180910870e+06
0.000000000000000000e+00 3.584188340807175168e+18 6.017322870225328396e+23 1.000000000000000182e+04 1.862020779342233154e+12 2.062955924088001060e-12 0.000000000000000000e+00 1.438371293180910870e+06
0.000000000000000000e+00 3.611865470852018176e+18 6.017322870225328396e+23 1.000000000000000182e+04 1.862020779342233154e+12 2.062955924088001060e-12 0.000000000000000000e+00 1.438371293180910870e+06
0.000000000000000000e+00 3.639542600896861696e+18 6.017322870225328396e+23 1.000000000000000182e+04 1.862020779342233154e+12 2.062955924088001060e-12 0.000000000000000000e+00 1.438371293180910870e+06
0.000000000000000000e+00 3.667219730941704704e+18 6.017322870225328396e+23 1.000000000000000182e+04 1.862020779342233154e+12 2.062955924088001060e-12 0.000000000000000000e+00 1.438371293180910870e+06
0.000000000000000000e+00 3.694896860986547712e+18 6.017322870225328396e+23 1.000000000000000182e+04 1.862020779342233154e+12 2.062955924088001060e-12 0.000000000000000000e+00 1.438371293180910870e+06
0.000000000000000000e+00 3.722573991031390720e+18 6.017322870225328396e+23 1.000000000000000182e+04 1.862020779342233154e+12 2.062955924088001060e-12 0.000000000000000000e+00 1.438371293180910870e+06
0.000000000000000000e+00 3.750251121076233728e+18 6.017322870225328396e+23 1.000000000000000182e+04 1.862020779342233154e+12 2.062955924088001060e-12 0.000000000000000000e+00 1.438371293180910870e+06
0.000000000000000000e+00 3.777928251121076736e+18 6.017322870225328396e+23 1.000000000000000182e+04 1.862020779342233154e+12 2.062955924088001060e-12 0.000000000000000000e+00 1.438371293180910870e+06
0.000000000000000000e+00 3.805605381165919744e+18 6.017322870225328396e+23 1.000000000000000182e+04 1.862020779342233154e+12 2.062955924088001060e-12 0.000000000000000000e+00 1.438371293180910870e+06
0.000000000000000000e+00 3.833282511210762752e+18 6.017322870225328396e+23 1.000000000000000182e+04 1.862020779342233154e+12 2.062955924088001060e-12 0.000000000000000000e+00 1.438371293180910870e+06
0.000000000000000000e+00 3.860959641255605760e+18 6.017322870225328396e+23 1.000000000000000182e+04 1.862020779342233154e+12 2.062955924088001060e-12 0.000000000000000000e+00 1.438371293180910870e+06
0.000000000000000000e+00 3.888636771300448768e+18 6.017322870225328396e+23 1.000000000000000182e+04 1.862020779342233154e+12 2.062955924088001060e-12 0.000000000000000000e+00 1.438371293180910870e+06
0.000000000000000000e+00 3.916313901345292288e+18 6.017322870225328396e+23 1.000000000000000182e+04 1.862020779342233154e+12 2.062955924088001060e-12 0.000000000000000000e+00 1.438371293180910870e+06
0.000000000000000000e+00 3.943991031390135296e+18 6.017322870225328396e+23 1.000000000000000182e+04 1.862020779342233154e+12 2.062955924088001060e-12 0.000000000000000000e+00 1.438371293180910870e+06
0.000000000000000000e+00 3.971668161434978304e+18 6.017322870225328396e+23 1.000000000000000182e+04 1.862020779342233154e+12 2.062955924088001060e-12 0.000000000000000000e+00 1.438371293180910870e+06
0.000000000000000000e+00 3.999345291479821824e+18 6.017322870225328396e+23 1.000000000000000182e+04 1.862020779342233154e+12 2.062955924088001060e-12 0.000000000000000000e+00 1.438371293180910870e+06
0.000000000000000000e+00 4.027022421524664832e+18 6.017322870225328396e+23 1.000000000000000182e+04 1.862020779342233154e+12 2.062955924088001060e-12 0.000000000000000000e+00 1.438371293180910870e+06
0.000000000000000000e+00 4.054699551569507840e+18 6.017322870225328396e+23 1.000000000000000182e+04 1.862020779342233154e+12 2.062955924088001060e-12 0.000000000000000000e+00 1.438371293180910870e+06
0.000000000000000000e+00 4.082376681614350848e+18 6.017322870225328396e+23 1.000000000000000182e+04 1.862020779342233154e+12 2.062955924088001060e-12 0.000000000000000000e+00 1.438371293180910870e+06
0.000000000000000000e+00 4.110053811659193856e+18 6.017322870225328396e+23 1.000000000000000182e+04 1.862020779342233154e+12 2.062955924088001060e-12 0.000000000000000000e+00 1.438371293180910870e+06
0.000000000000000000e+00 4.137730941704036864e+18 6.017322870225328396e+23 1.000000000000000182e+04 1.862020779342233154e+12 2.062955924088001060e-12 0.000000000000000000e+00 1.438371293180910870e+06
0.000000000000000000e+00 4.165408071748879872e+18 6.017322870225328396e+23 1.000000000000000182e+04 1.862020779342233154e+12 2.062955924088001060e-12 0.000000000000000000e+00 1.438371293180910870e+06
0.000000000000000000e+00 4.193085201793722880e+18 6.017322870225328396e+23 1.000000000000000182e+04 1.862020779342233154e+12 2.062955924088001060e-12 0.000000000000000000e+00 1.438371293180910870e+06
0.000000000000000000e+00 4.220762331838565888e+18 6.017322870225328396e+23 1.000000000000000182e+04 1.862020779342233154e+12 2.062955924088001060e-12 0.000000000000000000e+00 1.438371293180910870e+06
0.000000000000000000e+00 4.248439461883408896e+18 6.017322870225328396e+23 1.000000000000000182e+04 1.862020779342233154e+12 2.062955924088001060e-12 0.000000000000000000e+00 1.438371293180910870e+06
0.000000000000000000e+00 4.276116591928251904e+18 6.017322870225328396e+23 1.000000000000000182e+04 1.862020779342233154e+12 2.062955924088001060e-12 0.000000000000000000e+00 1.438371293180910870e+06
0.000000000000000000e+00 4.303793721973094912e+18 6.017322870225328396e+23 1.000000000000000182e+04 1.862020779342233154e+12 2.062955924088001060e-12 0.000000000000000000e+00 1.438371293180910870e+06
0.000000000000000000e+00 4.331470852017937920e+18 6.017322870225328396e+23 1.000000000000000182e+04 1.862020779342233154e+12 2.062955924088001060e-12 0.000000000000000000e+00 1.438371293180910870e+06
0.000000000000000000e+00 4.359147982062781440e+18 6.017322870225328396e+23 1.000000000000000182e+04 1.862020779342233154e+12 2.062955924088001060e-12 0.000000000000000000e+00 1.438371293180910870e+06
0.000000000000000000e+00 4.386825112107624448e+18 6.017322870225328396e+23 1.000000000000000182e+04 1.862020779342233154e+12 2.062955924088001060e-12 0.000000000000000000e+00 1.438371293180910870e+06
0.000000000000000000e+00 4.414502242152467456e+18 6.017322870225328396e+23 1.000000000000000182e+04 1.862020779342233154e+12 2.062955924088001060e-12 0.000000000000000000e+00 1.438371293180910870e+06
0.000000000000000000e+00 4.442179372197310464e+18 6.017322870225328396e+23 1.000000000000000182e+04 1.862020779342233154e+12 2.062955924088001060e-12 0.000000000000000000e+00 1.438371293180910870e+06
0.000000000000000000e+00 4.469856502242153472e+18 6.017322870225328396e+23 1.000000000000000182e+04 1.862020779342233154e+12 2.062955924088001060e-12 0.000000000000000000e+00 1.438371293180910870e+06
0.000000000000000000e+00 4.497533632286996480e+18 6.017322870225328396e+23 1.000000000000000182e+04 1.862020779342233154e+12 2.062955924088001060e-12 0.000000000000000000e+00 1.438371293180910870e+06
0.000000000000000000e+00 4.525210762331839488e+18 6.017322870225328396e+23 1.000000000000000182e+04 1.862020779342233154e+12 2.062955924088001060e-12 0.000000000000000000e+00 1.438371293180910870e+06
0.000000000000000000e+00 4.552887892376682496e+18 6.017322870225328396e+23 1.000000000000000182e+04 1.862020779342233154e+12 2.062955924088001060e-12 0.000000000000000000e+00 1.438371293180910870e+06
0.000000000000000000e+00 4.580565022421525504e+18 6.017322870225328396e+23 1.000000000000000182e+04 1.862020779342233154e+12 2.062955924088001060e-12 0.000000000000000000e+00 1.438371293180910870e+06
0.000000000000000000e+00 4.608242152466368512e+18 6.017322870225328396e+23 1.000000000000000182e+04 1.862020779342233154e+12 2.062955924088001060e-12 0.000000000000000000e+00 1.438371293180910870e+06
0.000000000000000000e+00 4.635919282511211520e+18 6.017322870225328396e+23 1.000000000000000182e+04 1.862020779342233154e+12 2.062955924088001060e-12 0.000000000000000000e+00 1.438371293180910870e+06
0.000000000000000000e+00 4.663596412556054528e+18 6.017322870225328396e+23 1.000000000000000182e+04 1.862020779342233154e+12 2.062955924088001060e-12 0.000000000000000000e+00 1.438371293180910870e+06
0.000000000000000000e+00 4.691273542600898560e+18 6.017322870225328396e+23 1.000000000000000182e+04 1.862020779342233154e+12 2.062955924088001060e-12 0.000000000000000000e+00 1.438371293180910870e+06
0.000000000000000000e+00 4.718950672645741568e+18 6.017322870225328396e+23 1.000000000000000182e+04 1.862020779342233154e+12 2.062955924088001060e-12 0.000000000000000000e+00 1.438371293180910870e+06
0.000000000000000000e+00 4.746627802690584576e+18 6.017322870225328396e+23 1.000000000000000182e+04 1.862020779342233154e+12 2.062955924088001060e-12 0.000000000000000000e+00 1.438371293180910870e+06
0.000000000000000000e+00 4.774304932735427584e+18 6.017322870225328396e+23 1.000000000000000182e+04 1.862020779342233154e+12 2.062955924088001060e-12 0.000000000000000000e+00 1.438371293180910870e+06
0.000000000000000000e+00 4.801982062780270592e+18 6.017322870225328396e+23 1.000000000000000182e+04 1.862020779342233154e+12 2.062955924088001060e-12 0.000000000000000000e+00 1.438371293180910870e+06
0.000000000000000000e+00 4.829659192825113600e+18 6.017322870225328396e+23 1.000000000000000182e+04 1.862020779342233154e+12 2.062955924088001060e-12 0.000000000000000000e+00 1.438371293180910870e+06
0.000000000000000000e+00 4.857336322869956608e+18 6.017322870225328396e+23 1.000000000000000182e+04 1.862020779342233154e+12 2.062955924088001060e-12 0.000000000000000000e+00 1.438371293180910870e+06
0.000000000000000000e+00 4.885013452914799616e+18 6.017322870225328396e+23 1.000000000000000182e+04 1.862020779342233154e+12 2.062955924088001060e-12 0.000000000000000000e+00 1.438371293180910870e+06
0.000000000000000000e+00 4.912690582959642624e+18 6.017322870225328396e+23 1.000000000000000182e+04 1.862020779342233154e+12 2.062955924088001060e-12 0.000000000000000000e+00 1.438371293180910870e+06
0.000000000000000000e+00 4.940367713004486656e+18 6.017322870225328396e+23 1.000000000000000182e+04 1.862020779342233154e+12 2.062955924088001060e-12 0.000000000000000000e+00 1.438371293180910870e+06
0.000000000000000000e+00 4.968044843049329664e+18 6.017322870225328396e+23 1.000000000000000182e+04 1.862020779342233154e+12 2.062955924088001060e-12 0.000000000000000000e+00 1.438371293180910870e+06
0.000000000000000000e+00 4.995721973094172672e+18 6.017322870225328396e+23 1.000000000000000182e+04 1.862020779342233154e+12 2.062955924088001060e-12 0.000000000000000000e+00 1.438371293180910870e+06
0.000000000000000000e+00 5.023399103139015680e+18 6.017322870225328396e+23 1.000000000000000182e+04 1.862020779342233154e+12 2.062955924088001060e-12 0.000000000000000000e+00 1.438371293180910870e+06
0.000000000000000000e+00 5.051076233183858688e+18 6.017322870225328396e+23 1.000000000000000182e+04 1.862020779342233154e+12 2.062955924088001060e-12 0.000000000000000000e+00 1.438371293180910870e+06
0.000000000000000000e+00 5.078753363228701696e+18 6.017322870225328396e+23 1.000000000000000182e+04 1.862020779342233154e+12 2.062955924088001060e-12 0.000000000000000000e+00 1.438371293180910870e+06
0.000000000000000000e+00 5.106430493273544704e+18 6.017322870225328396e+23 1.000000000000000182e+04 1.862020779342233154e+12 2.062955924088001060e-12 0.000000000000000000e+00 1.438371293180910870e+06
0.000000000000000000e+00 5.134107623318387712e+18 6.017322870225328396e+23 1.000000000000000182e+04 1.862020779342233154e+12 2.062955924088001060e-12 0.000000000000000000e+00 1.438371293180910870e+06
0.000000000000000000e+00 5.161784753363230720e+18 6.017322870225328396e+23 1.000000000000000182e+04 1.862020779342233154e+12 2.062955924088001060e-12 0.000000000000000000e+00 1.438371293180910870e+06
0.000000000000000000e+00 5.189461883408073728e+18 6.017322870225328396e+23 1.000000000000000182e+04 1.862020779342233154e+12 2.062955924088001060e-12 0.000000000000000000e+00 1.438371293180910870e+06
0.000000000000000000e+00 5.217139013452916736e+18 6.017322870225328396e+23 1.000000000000000182e+04 1.862020779342233154e+12 2.062955924088001060e-12 0.000000000000000000e+00 1.438371293180910870e+06
0.000000000000000000e+00 5.244816143497759744e+18 6.017322870225328396e+23 1.000000000000000182e+04 1.862020779342233154e+12 2.062955924088001060e-12 0.000000000000000000e+00 1.438371293180910870e+06
0.000000000000000000e+00 5.272493273542602752e+18 6.017322870225328396e+23 1.000000000000000182e+04 1.862020779342233154e+12 2.062955924088001060e-12 0.000000000000000000e+00 1.438371293180910870e+06
0.000000000000000000e+00 5.300170403587445760e+18 6.017322870225328396e+23 1.000000000000000182e+04 1.862020779342233154e+12 2.062955924088001060e-12 0.000000000000000000e+00 1.438371293180910870e+06
0.000000000000000000e+00 5.327847533632288768e+18 6.017322870225328396e+23 1.000000000000000182e+04 1.862020779342233154e+12 2.062955924088001060e-12 0.000000000000000000e+00 1.438371293180910870e+06
0.000000000000000000e+00 5.355524663677131776e+18 6.017322870225328396e+23 1.000000000000000182e+04 1.862020779342233154e+12 2.062955924088001060e-12 0.000000000000000000e+00 1.438371293180910870e+06
0.000000000000000000e+00 5.383201793721974784e+18 6.017322870225328396e+23 1.000000000000000182e+04 1.862020779342233154e+12 2.062955924088001060e-12 0.000000000000000000e+00 1.438371293180910870e+06
0.000000000000000000e+00 5.410878923766817792e+18 6.017322870225328396e+23 1.000000000000000182e+04 1.862020779342233154e+12 2.062955924088001060e-12 0.000000000000000000e+00 1.438371293180910870e+06
0.000000000000000000e+00 5.438556053811660800e+18 6.017322870225328396e+23 1.000000000000000182e+04 1.862020779342233154e+12 2.062955924088001060e-12 0.000000000000000000e+00 1.438371293180910870e+06
0.000000000000000000e+00 5.466233183856503808e+18 6.017322870225328396e+23 1.000000000000000182e+04 1.862020779342233154e+12 2.062955924088001060e-12 0.000000000000000000e+00 1.438371293180910870e+06
0.000000000000000000e+00 5.493910313901346816e+18 6.017322870225328396e+23 1.000000000000000182e+04 1.862020779342233154e+12 2.062955924088001060e-12 0.000000000000000000e+00 1.438371293180910870e+06
0.000000000000000000e+00 5.521587443946189824e+18 6.017322870225328396e+23 1.000000000000000182e+04 1.862020779342233154e+12 2.062955924088001060e-12 0.000000000000000000e+00 1.438371293180910870e+06
0.000000000000000000e+00 5.549264573991032832e+18 6.017322870225328396e+23 1.000000000000000182e+04 1.862020779342233154e+12 2.062955924088001060e-12 0.000000000000000000e+00 1.438371293180910870e+06
0.000000000000000000e+00 5.576941704035875840e+18 6.017322870225328396e+23 1.000000000000000182e+04 1.862020779342233154e+12 2.062955924088001060e-12 0.000000000000000000e+00 1.438371293180910870e+06
0.000000000000000000e+00 5.604618834080719872e+18 6.017322870225328396e+23 1.000000000000000182e+04 1.862020779342233154e+12 2.062955924088001060e-12 0.000000000000000000e+00 1.438371293180910870e+06
0.000000000000000000e+00 5.632295964125562880e+18 6.017322870225328396e+23 1.000000000000000182e+04 1.862020779342233154e+12 2.062955924088001060e-12 0.000000000000000000e+00 1.438371293180910870e+06
0.000000000000000000e+00 5.659973094170405888e+18 6.017322870225328396e+23 1.000000000000000182e+04 1.862020779342233154e+12 2.062955924088001060e-12 0.000000000000000000e+00 1.438371293180910870e+06
0.000000000000000000e+00 5.687650224215248896e+18 6.017322870225328396e+23 1.000000000000000182e+04 1.862020779342233154e+12 2.062955924088001060e-12 0.000000000000000000e+00 1.438371293180910870e+06
0.000000000000000000e+00 5.715327354260092928e+18 6.017322870225328396e+23 1.000000000000000182e+04 1.862020779342233154e+12 2.062955924088001060e-12 0.000000000000000000e+00 1.438371293180910870e+06
0.000000000000000000e+00 5.743004484304935936e+18 6.017322870225328396e+23 1.000000000000000182e+04 1.862020779342233154e+12 2.062955924088001060e-12 0.000000000000000000e+00 1.438371293180910870e+06
0.000000000000000000e+00 5.770681614349778944e+18 6.017322870225328396e+23 1.000000000000000182e+04 1.862020779342233154e+12 2.062955924088001060e-12 0.000000000000000000e+00 1.438371293180910870e+06
0.000000000000000000e+00 5.798358744394620928e+18 6.017322870225328396e+23 1.000000000000000182e+04 1.862020779342233154e+12 2.062955924088001060e-12 0.000000000000000000e+00 1.438371293180910870e+06
0.000000000000000000e+00 5.826035874439464960e+18 6.017322870225328396e+23 1.000000000000000182e+04 1.862020779342233154e+12 2.062955924088001060e-12 0.000000000000000000e+00 1.438371293180910870e+06
0.000000000000000000e+00 5.853713004484307968e+18 6.017322870225328396e+23 1.000000000000000182e+04 1.862020779342233154e+12 2.062955924088001060e-12 0.000000000000000000e+00 1.438371293180910870e+06
0.000000000000000000e+00 5.881390134529150976e+18 6.017322870225328396e+23 1.000000000000000182e+04 1.862020779342233154e+12 2.062955924088001060e-12 0.000000000000000000e+00 1.438371293180910870e+06
0.000000000000000000e+00 5.909067264573992960e+18 6.017322870225328396e+23 1.000000000000000182e+04 1.862020779342233154e+12 2.062955924088001060e-12 0.000000000000000000e+00 1.438371293180910870e+06
0.000000000000000000e+00 5.936744394618836992e+18 6.017322870225328396e+23 1.000000000000000182e+04 1.862020779342233154e+12 2.062955924088001060e-12 0.000000000000000000e+00 1.438371293180910870e+06
0.000000000000000000e+00 5.964421524663680000e+18 6.017322870225328396e+23 1.000000000000000182e+04 1.862020779342233154e+12 2.062955924088001060e-12 0.000000000000000000e+00 1.438371293180910870e+06
0.000000000000000000e+00 5.992098654708523008e+18 6.017322870225328396e+23 1.000000000000000182e+04 1.862020779342233154e+12 2.062955924088001060e-12 0.000000000000000000e+00 1.438371293180910870e+06
0.000000000000000000e+00 6.019775784753364992e+18 6.017322870225328396e+23 1.000000000000000182e+04 1.862020779342233154e+12 2.062955924088001060e-12 0.000000000000000000e+00 1.438371293180910870e+06
0.000000000000000000e+00 6.047452914798209024e+18 6.017322870225328396e+23 1.000000000000000182e+04 1.862020779342233154e+12 2.062955924088001060e-12 0.000000000000000000e+00 1.438371293180910870e+06
0.000000000000000000e+00 6.075130044843053056e+18 6.017322870225328396e+23 1.000000000000000182e+04 1.862020779342233154e+12 2.062955924088001060e-12 0.000000000000000000e+00 1.438371293180910870e+06
0.000000000000000000e+00 6.102807174887895040e+18 6.017322870225328396e+23 1.000000000000000182e+04 1.862020779342233154e+12 2.062955924088001060e-12 0.000000000000000000e+00 1.438371293180910870e+06
0.000000000000000000e+00 6.130484304932737024e+18 6.017322870225328396e+23 1.000000000000000182e+04 1.862020779342233154e+12 2.062955924088001060e-12 0.000000000000000000e+00 1.438371293180910870e+06
0.000000000000000000e+00 6.158161434977581056e+18 6.017322870225328396e+23 1.000000000000000182e+04 1.862020779342233154e+12 2.062955924088001060e-12 0.000000000000000000e+00 1.438371293180910870e+06
0.000000000000000000e+00 6.185838565022425088e+18 6.017322870225328396e+23 1.000000000000000182e+04 1.862020779342233154e+12 2.062955924088001060e-12 0.000000000000000000e+00 1.438371293180910870e+06
0.000000000000000000e+00 6.213515695067267072e+18 6.017322870225328396e+23 1.000000000000000182e+04 1.862020779342233154e+12 2.062955924088001060e-12 0.000000000000000000e+00 1.438371293180910870e+06
0.000000000000000000e+00 6.241192825112109056e+18 6.017322870225328396e+23 1.000000000000000182e+04 1.862020779342233154e+12 2.062955924088001060e-12 0.000000000000000000e+00 1.438371293180910870e+06
0.000000000000000000e+00 6.268869955156953088e+18 6.017322870225328396e+23 1.000000000000000182e+04 1.862020779342233154e+12 2.062955924088001060e-12 0.000000000000000000e+00 1.438371293180910870e+06
0.000000000000000000e+00 6.296547085201797120e+18 6.017322870225328396e+23 1.000000000000000182e+04 1.862020779342233154e+12 2.062955924088001060e-12 0.000000000000000000e+00 1.438371293180910870e+06
0.000000000000000000e+00 6.324224215246639104e+18 6.017322870225328396e+23 1.000000000000000182e+04 1.862020779342233154e+12 2.062955924088001060e-12 0.000000000000000000e+00 1.438371293180910870e+06
0.000000000000000000e+00 6.351901345291482112e+18 6.017322870225328396e+23 1.000000000000000182e+04 1.862020779342233154e+12 2.062955924088001060e-12 0.000000000000000000e+00 1.438371293180910870e+06
0.000000000000000000e+00 6.379578475336326144e+18 6.017322870225328396e+23 1.000000000000000182e+04 1.862020779342233154e+12 2.062955924088001060e-12 0.000000000000000000e+00 1.438371293180910870e+06
0.000000000000000000e+00 6.407255605381169152e+18 6.017322870225328396e+23 1.000000000000000182e+04 1.862020779342233154e+12 2.062955924088001060e-12 0.000000000000000000e+00 1.438371293180910870e+06
0.000000000000000000e+00 6.434932735426012160e+18 6.017322870225328396e+23 1.000000000000000182e+04 1.862020779342233154e+12 2.062955924088001060e-12 0.000000000000000000e+00 1.438371293180910870e+06
0.000000000000000000e+00 6.462609865470855168e+18 6.017322870225328396e+23 1.000000000000000182e+04 1.862020779342233154e+12 2.062955924088001060e-12 0.000000000000000000e+00 1.438371293180910870e+06
0.000000000000000000e+00 6.490286995515698176e+18 6.017322870225328396e+23 1.000000000000000182e+04 1.862020779342233154e+12 2.062955924088001060e-12 0.000000000000000000e+00 1.438371293180910870e+06
0.000000000000000000e+00 6.517964125560542208e+18 6.017322870225328396e+23 1.000000000000000182e+04 1.862020779342233154e+12 2.062955924088001060e-12 0.000000000000000000e+00 1.438371293180910870e+06
0.000000000000000000e+00 6.545641255605384192e+18 6.017322870225328396e+23 1.000000000000000182e+04 1.862020779342233154e+12 2.062955924088001060e-12 0.000000000000000000e+00 1.438371293180910870e+06
0.000000000000000000e+00 6.573318385650227200e+18 6.017322870225328396e+23 1.000000000000000182e+04 1.862020779342233154e+12 2.062955924088001060e-12 0.000000000000000000e+00 1.438371293180910870e+06
0.000000000000000000e+00 6.600995515695070208e+18 6.017322870225328396e+23 1.000000000000000182e+04 1.862020779342233154e+12 2.062955924088001060e-12 0.000000000000000000e+00 1.438371293180910870e+06
0.000000000000000000e+00 6.628672645739914240e+18 6.017322870225328396e+23 1.000000000000000182e+04 1.862020779342233154e+12 2.062955924088001060e-12 0.000000000000000000e+00 1.438371293180910870e+06
0.000000000000000000e+00 6.656349775784756224e+18 6.017322870225328396e+23 1.000000000000000182e+04 1.862020779342233154e+12 2.062955924088001060e-12 0.000000000000000000e+00 1.438371293180910870e+06
0.000000000000000000e+00 6.684026905829599232e+18 6.017322870225328396e+23 1.000000000000000182e+04 1.862020779342233154e+12 2.062955924088001060e-12 0.000000000000000000e+00 1.438371293180910870e+06
0.000000000000000000e+00 6.711704035874442240e+18 6.017322870225328396e+23 1.000000000000000182e+04 1.862020779342233154e+12 2.062955924088001060e-12 0.000000000000000000e+00 1.438371293180910870e+06
0.000000000000000000e+00 6.739381165919286272e+18 6.017322870225328396e+23 1.000000000000000182e+04 1.862020779342233154e+12 2.062955924088001060e-12 0.000000000000000000e+00 1.438371293180910870e+06
0.000000000000000000e+00 6.767058295964129280e+18 6.017322870225328396e+23 1.000000000000000182e+04 1.862020779342233154e+12 2.062955924088001060e-12 0.000000000000000000e+00 1.438371293180910870e+06
0.000000000000000000e+00 6.794735426008971264e+18 6.017322870225328396e+23 1.000000000000000182e+04 1.862020779342233154e+12 2.062955924088001060e-12 0.000000000000000000e+00 1.438371293180910870e+06
0.000000000000000000e+00 6.822412556053815296e+18 6.017322870225328396e+23 1.000000000000000182e+04 1.862020779342233154e+12 2.062955924088001060e-12 0.000000000000000000e+00 1.438371293180910870e+06
0.000000000000000000e+00 6.850089686098658304e+18 6.017322870225328396e+23 1.000000000000000182e+04 1.862020779342233154e+12 2.062955924088001060e-12 0.000000000000000000e+00 1.438371293180910870e+06
0.000000000000000000e+00 6.877766816143501312e+18 6.017322870225328396e+23 1.000000000000000182e+04 1.862020779342233154e+12 2.062955924088001060e-12 0.000000000000000000e+00 1.438371293180910870e+06
0.000000000000000000e+00 6.905443946188343296e+18 6.017322870225328396e+23 1.000000000000000182e+04 1.862020779342233154e+12 2.062955924088001060e-12 0.000000000000000000e+00 1.438371293180910870e+06
0.000000000000000000e+00 6.933121076233187328e+18 6.017322870225328396e+23 1.000000000000000182e+04 1.862020779342233154e+12 2.062955924088001060e-12 0.000000000000000000e+00 1.438371293180910870e+06
0.000000000000000000e+00 6.960798206278030336e+18 6.017322870225328396e+23 1.000000000000000182e+04 1.862020779342233154e+12 2.062955924088001060e-12 0.000000000000000000e+00 1.438371293180910870e+06
0.000000000000000000e+00 6.988475336322873344e+18 6.017322870225328396e+23 1.000000000000000182e+04 1.862020779342233154e+12 2.062955924088001060e-12 0.000000000000000000e+00 1.438371293180910870e+06
0.000000000000000000e+00 7.016152466367715328e+18 6.017322870225328396e+23 1.000000000000000182e+04 1.862020779342233154e+12 2.062955924088001060e-12 0.000000000000000000e+00 1.438371293180910870e+06
0.000000000000000000e+00 7.043829596412559360e+18 6.017322870225328396e+23 1.000000000000000182e+04 1.862020779342233154e+12 2.062955924088001060e-12 0.000000000000000000e+00 1.438371293180910870e+06
0.000000000000000000e+00 7.071506726457402368e+18 6.017322870225328396e+23 1.000000000000000182e+04 1.862020779342233154e+12 2.062955924088001060e-12 0.000000000000000000e+00 1.438371293180910870e+06
0.000000000000000000e+00 7.099183856502245376e+18 6.017322870225328396e+23 1.000000000000000182e+04 1.862020779342233154e+12 2.062955924088001060e-12 0.000000000000000000e+00 1.438371293180910870e+06
0.000000000000000000e+00 7.126860986547088384e+18 6.017322870225328396e+23 1.000000000000000182e+04 1.862020779342233154e+12 2.062955924088001060e-12 0.000000000000000000e+00 1.438371293180910870e+06
0.000000000000000000e+00 7.154538116591932416e+18 6.017322870225328396e+23 1.000000000000000182e+04 1.862020779342233154e+12 2.062955924088001060e-12 0.000000000000000000e+00 1.438371293180910870e+06
0.000000000000000000e+00 7.182215246636776448e+18 6.017322870225328396e+23 1.000000000000000182e+04 1.862020779342233154e+12 2.062955924088001060e-12 0.000000000000000000e+00 1.438371293180910870e+06
0.000000000000000000e+00 7.209892376681618432e+18 6.017322870225328396e+23 1.000000000000000182e+04 1.862020779342233154e+12 2.062955924088001060e-12 0.000000000000000000e+00 1.438371293180910870e+06
0.000000000000000000e+00 7.237569506726460416e+18 6.017322870225328396e+23 1.000000000000000182e+04 1.862020779342233154e+12 2.062955924088001060e-12 0.000000000000000000e+00 1.438371293180910870e+06
0.000000000000000000e+00 7.265246636771304448e+18 6.017322870225328396e+23 1.000000000000000182e+04 1.862020779342233154e+12 2.062955924088001060e-12 0.000000000000000000e+00 1.438371293180910870e+06
0.000000000000000000e+00 7.292923766816148480e+18 6.017322870225328396e+23 1.000000000000000182e+04 1.862020779342233154e+12 2.062955924088001060e-12 0.000000000000000000e+00 1.438371293180910870e+06
0.000000000000000000e+00 7.320600896860990464e+18 6.017322870225328396e+23 1.000000000000000182e+04 1.862020779342233154e+12 2.062955924088001060e-12 0.000000000000000000e+00 1.438371293180910870e+06
0.000000000000000000e+00 7.348278026905832448e+18 6.017322870225328396e+23 1.000000000000000182e+04 1.862020779342233154e+12 2.062955924088001060e-12 0.000000000000000000e+00 1.438371293180910870e+06
0.000000000000000000e+00 7.375955156950676480e+18 6.017322870225328396e+23 1.000000000000000182e+04 1.862020779342233154e+12 2.062955924088001060e-12 0.000000000000000000e+00 1.438371293180910870e+06
0.000000000000000000e+00 7.403632286995520512e+18 6.017322870225328396e+23 1.000000000000000182e+04 1.862020779342233154e+12 2.062955924088001060e-12 0.000000000000000000e+00 1.438371293180910870e+06
0.000000000000000000e+00 7.431309417040362496e+18 6.017322870225328396e+23 1.000000000000000182e+04 1.862020779342233154e+12 2.062955924088001060e-12 0.000000000000000000e+00 1.438371293180910870e+06
0.000000000000000000e+00 7.458986547085205504e+18 6.017322870225328396e+23 1.000000000000000182e+04 1.862020779342233154e+12 2.062955924088001060e-12 0.000000000000000000e+00 1.438371293180910870e+06
0.000000000000000000e+00 7.486663677130048512e+18 6.017322870225328396e+23 1.000000000000000182e+04 1.862020779342233154e+12 2.062955924088001060e-12 0.000000000000000000e+00 1.438371293180910870e+06
0.000000000000000000e+00 7.514340807174892544e+18 6.017322870225328396e+23 1.000000000000000182e+04 1.862020779342233154e+12 2.062955924088001060e-12 0.000000000000000000e+00 1.438371293180910870e+06
0.000000000000000000e+00 7.542017937219734528e+18 6.017322870225328396e+23 1.000000000000000182e+04 1.862020779342233154e+12 2.062955924088001060e-12 0.000000000000000000e+00 1.438371293180910870e+06
0.000000000000000000e+00 7.569695067264577536e+18 6.017322870225328396e+23 1.000000000000000182e+04 1.862020779342233154e+12 2.062955924088001060e-12 0.000000000000000000e+00 1.438371293180910870e+06
0.000000000000000000e+00 7.597372197309420544e+18 6.017322870225328396e+23 1.000000000000000182e+04 1.862020779342233154e+12 2.062955924088001060e-12 0.000000000000000000e+00 1.438371293180910870e+06
0.000000000000000000e+00 7.625049327354264576e+18 6.017322870225328396e+23 1.000000000000000182e+04 1.862020779342233154e+12 2.062955924088001060e-12 0.000000000000000000e+00 1.438371293180910870e+06
0.000000000000000000e+00 7.652726457399106560e+18 6.017322870225328396e+23 1.000000000000000182e+04 1.862020779342233154e+12 2.062955924088001060e-12 0.000000000000000000e+00 1.438371293180910870e+06
0.000000000000000000e+00 7.680403587443949568e+18 6.017322870225328396e+23 1.000000000000000182e+04 1.862020779342233154e+12 2.062955924088001060e-12 0.000000000000000000e+00 1.438371293180910870e+06
0.000000000000000000e+00 7.708080717488792576e+18 6.017322870225328396e+23 1.000000000000000182e+04 1.862020779342233154e+12 2.062955924088001060e-12 0.000000000000000000e+00 1.438371293180910870e+06
0.000000000000000000e+00 7.735757847533636608e+18 6.017322870225328396e+23 1.000000000000000182e+04 1.862020779342233154e+12 2.062955924088001060e-12 0.000000000000000000e+00 1.438371293180910870e+06
0.000000000000000000e+00 7.763434977578478592e+18 6.017322870225328396e+23 1.000000000000000182e+04 1.862020779342233154e+12 2.062955924088001060e-12 0.000000000000000000e+00 1.438371293180910870e+06
0.000000000000000000e+00 7.791112107623322624e+18 6.017322870225328396e+23 1.000000000000000182e+04 1.862020779342233154e+12 2.062955924088001060e-12 0.000000000000000000e+00 1.438371293180910870e+06
0.000000000000000000e+00 7.818789237668165632e+18 6.017322870225328396e+23 1.000000000000000182e+04 1.862020779342233154e+12 2.062955924088001060e-12 0.000000000000000000e+00 1.438371293180910870e+06
0.000000000000000000e+00 7.846466367713008640e+18 6.017322870225328396e+23 1.000000000000000182e+04 1.862020779342233154e+12 2.062955924088001060e-12 0.000000000000000000e+00 1.438371293180910870e+06
0.000000000000000000e+00 7.874143497757852672e+18 6.017322870225328396e+23 1.000000000000000182e+04 1.862020779342233154e+12 2.062955924088001060e-12 0.000000000000000000e+00 1.438371293180910870e+06
0.000000000000000000e+00 7.901820627802694656e+18 6.017322870225328396e+23 1.000000000000000182e+04 1.862020779342233154e+12 2.062955924088001060e-12 0.000000000000000000e+00 1.438371293180910870e+06
0.000000000000000000e+00 7.929497757847538688e+18 6.017322870225328396e+23 1.000000000000000182e+04 1.862020779342233154e+12 2.062955924088001060e-12 0.000000000000000000e+00 1.438371293180910870e+06
0.000000000000000000e+00 7.957174887892381696e+18 6.017322870225328396e+23 1.000000000000000182e+04 1.862020779342233154e+12 2.062955924088001060e-12 0.000000000000000000e+00 1.438371293180910870e+06
0.000000000000000000e+00 7.984852017937224704e+18 6.017322870225328396e+23 1.000000000000000182e+04 1.862020779342233154e+12 2.062955924088001060e-12 0.000000000000000000e+00 1.438371293180910870e+06
0.000000000000000000e+00 8.012529147982066688e+18 6.017322870225328396e+23 1.000000000000000182e+04 1.862020779342233154e+12 2.062955924088001060e-12 0.000000000000000000e+00 1.438371293180910870e+06
0.000000000000000000e+00 8.040206278026910720e+18 6.017322870225328396e+23 1.000000000000000182e+04 1.862020779342233154e+12 2.062955924088001060e-12 0.000000000000000000e+00 1.438371293180910870e+06
0.000000000000000000e+00 8.067883408071753728e+18 6.017322870225328396e+23 1.000000000000000182e+04 1.862020779342233154e+12 2.062955924088001060e-12 0.000000000000000000e+00 1.438371293180910870e+06
0.000000000000000000e+00 8.095560538116596736e+18 6.017322870225328396e+23 1.000000000000000182e+04 1.862020779342233154e+12 2.062955924088001060e-12 0.000000000000000000e+00 1.438371293180910870e+06
0.000000000000000000e+00 8.123237668161438720e+18 6.017322870225328396e+23 1.000000000000000182e+04 1.862020779342233154e+12 2.062955924088001060e-12 0.000000000000000000e+00 1.438371293180910870e+06
0.000000000000000000e+00 8.150914798206282752e+18 6.017322870225328396e+23 1.000000000000000182e+04 1.862020779342233154e+12 2.062955924088001060e-12 0.000000000000000000e+00 1.438371293180910870e+06
0.000000000000000000e+00 8.178591928251126784e+18 6.017322870225328396e+23 1.000000000000000182e+04 1.862020779342233154e+12 2.062955924088001060e-12 0.000000000000000000e+00 1.438371293180910870e+06
0.000000000000000000e+00 8.206269058295968768e+18 6.017322870225328396e+23 1.000000000000000182e+04 1.862020779342233154e+12 2.062955924088001060e-12 0.000000000000000000e+00 1.438371293180910870e+06
0.000000000000000000e+00 8.233946188340810752e+18 6.017322870225328396e+23 1.000000000000000182e+04 1.862020779342233154e+12 2.062955924088001060e-12 0.000000000000000000e+00 1.438371293180910870e+06
0.000000000000000000e+00 8.261623318385654784e+18 6.017322870225328396e+23 1.000000000000000182e+04 1.862020779342233154e+12 2.062955924088001060e-12 0.000000000000000000e+00 1.438371293180910870e+06
0.000000000000000000e+00 8.289300448430498816e+18 6.017322870225328396e+23 1.000000000000000182e+04 1.862020779342233154e+12 2.062955924088001060e-12 0.000000000000000000e+00 1.438371293180910870e+06
0.000000000000000000e+00 8.316977578475341824e+18 6.017322870225328396e+23 1.000000000000000182e+04 1.862020779342233154e+12 2.062955924088001060e-12 0.000000000000000000e+00 1.438371293180910870e+06
0.000000000000000000e+00 8.344654708520182784e+18 6.017322870225328396e+23 1.000000000000000182e+04 1.862020779342233154e+12 2.062955924088001060e-12 0.000000000000000000e+00 1.438371293180910870e+06
0.000000000000000000e+00 8.372331838565027840e+18 6.017322870225328396e+23 1.000000000000000182e+04 1.862020779342233154e+12 2.062955924088001060e-12 0.000000000000000000e+00 1.438371293180910870e+06
0.000000000000000000e+00 8.400008968609870848e+18 6.017322870225328396e+23 1.000000000000000182e+04 1.862020779342233154e+12 2.062955924088001060e-12 0.000000000000000000e+00 1.438371293180910870e+06
0.000000000000000000e+00 8.427686098654713856e+18 6.017322870225328396e+23 1.000000000000000182e+04 1.862020779342233154e+12 2.062955924088001060e-12 0.000000000000000000e+00 1.438371293180910870e+06
0.000000000000000000e+00 8.455363228699554816e+18 6.017322870225328396e+23 1.000000000000000182e+04 1.862020779342233154e+12 2.062955924088001060e-12 0.000000000000000000e+00 1.438371293180910870e+06
0.000000000000000000e+00 8.483040358744399872e+18 6.017322870225328396e+23 1.000000000000000182e+04 1.862020779342233154e+12 2.062955924088001060e-12 0.000000000000000000e+00 1.438371293180910870e+06
0.000000000000000000e+00 8.510717488789242880e+18 6.017322870225328396e+23 1.000000000000000182e+04 1.862020779342233154e+12 2.062955924088001060e-12 0.000000000000000000e+00 1.438371293180910870e+06
0.000000000000000000e+00 8.538394618834085888e+18 6.017322870225328396e+23 1.000000000000000182e+04 1.862020779342233154e+12 2.062955924088001060e-12 0.000000000000000000e+00 1.438371293180910870e+06
0.000000000000000000e+00 8.566071748878927872e+18 6.017322870225328396e+23 1.000000000000000182e+04 1.862020779342233154e+12 2.062955924088001060e-12 0.000000000000000000e+00 1.438371293180910870e+06
0.000000000000000000e+00 8.593748878923771904e+18 6.017322870225328396e+23 1.000000000000000182e+04 1.862020779342233154e+12 2.062955924088001060e-12 0.000000000000000000e+00 1.438371293180910870e+06
0.000000000000000000e+00 8.621426008968615936e+18 6.017322870225328396e+23 1.000000000000000182e+04 1.862020779342233154e+12 2.062955924088001060e-12 0.000000000000000000e+00 1.438371293180910870e+06
0.000000000000000000e+00 8.649103139013458944e+18 6.017322870225328396e+23 1.000000000000000182e+04 1.862020779342233154e+12 2.062955924088001060e-12 0.000000000000000000e+00 1.438371293180910870e+06
0.000000000000000000e+00 8.676780269058299904e+18 6.017322870225328396e+23 1.000000000000000182e+04 1.862020779342233154e+12 2.062955924088001060e-12 0.000000000000000000e+00 1.438371293180910870e+06
0.000000000000000000e+00 8.704457399103144960e+18 6.017322870225328396e+23 1.000000000000000182e+04 1.862020779342233154e+12 2.062955924088001060e-12 0.000000000000000000e+00 1.438371293180910870e+06
0.000000000000000000e+00 8.732134529147987968e+18 6.017322870225328396e+23 1.000000000000000182e+04 1.862020779342233154e+12 2.062955924088001060e-12 0.000000000000000000e+00 1.438371293180910870e+06
0.000000000000000000e+00 8.759811659192830976e+18 6.017322870225328396e+23 1.000000000000000182e+04 1.862020779342233154e+12 2.062955924088001060e-12 0.000000000000000000e+00 1.438371293180910870e+06
0.000000000000000000e+00 8.787488789237671936e+18 6.017322870225328396e+23 1.000000000000000182e+04 1.862020779342233154e+12 2.062955924088001060e-12 0.000000000000000000e+00 1.438371293180910870e+06
0.000000000000000000e+00 8.815165919282516992e+18 6.017322870225328396e+23 1.000000000000000182e+04 1.862020779342233154e+12 2.062955924088001060e-12 0.000000000000000000e+00 1.438371293180910870e+06
0.000000000000000000e+00 8.842843049327360000e+18 6.017322870225328396e+23 1.000000000000000182e+04 1.862020779342233154e+12 2.062955924088001060e-12 0.000000000000000000e+00 1.438371293180910870e+06
0.000000000000000000e+00 8.870520179372203008e+18 6.017322870225328396e+23 1.000000000000000182e+04 1.862020779342233154e+12 2.062955924088001060e-12 0.000000000000000000e+00 1.438371293180910870e+06
0.000000000000000000e+00 8.898197309417043968e+18 6.017322870225328396e+23 1.000000000000000182e+04 1.862020779342233154e+12 2.062955924088001060e-12 0.000000000000000000e+00 1.438371293180910870e+06
0.000000000000000000e+00 8.925874439461889024e+18 6.017322870225328396e+23 1.000000000000000182e+04 1.862020779342233154e+12 2.062955924088001060e-12 0.000000000000000000e+00 1.438371293180910870e+06
0.000000000000000000e+00 8.953551569506732032e+18 6.017322870225328396e+23 1.000000000000000182e+04 1.862020779342233154e+12 2.062955924088001060e-12 0.000000000000000000e+00 1.438371293180910870e+06
0.000000000000000000e+00 8.981228699551575040e+18 6.017322870225328396e+23 1.000000000000000182e+04 1.862020779342233154e+12 2.062955924088001060e-12 0.000000000000000000e+00 1.438371293180910870e+06
0.000000000000000000e+00 9.008905829596418048e+18 6.017322870225328396e+23 1.000000000000000182e+04 1.862020779342233154e+12 2.062955924088001060e-12 0.000000000000000000e+00 1.438371293180910870e+06
0.000000000000000000e+00 9.036582959641261056e+18 6.017322870225328396e+23 1.000000000000000182e+04 1.862020779342233154e+12 2.062955924088001060e-12 0.000000000000000000e+00 1.438371293180910870e+06
0.000000000000000000e+00 9.064260089686104064e+18 6.017322870225328396e+23 1.000000000000000182e+04 1.862020779342233154e+12 2.062955924088001060e-12 0.000000000000000000e+00 1.438371293180910870e+06
0.000000000000000000e+00 9.091937219730947072e+18 6.017322870225328396e+23 1.000000000000000182e+04 1.862020779342233154e+12 2.062955924088001060e-12 0.000000000000000000e+00 1.438371293180910870e+06
0.000000000000000000e+00 9.119614349775790080e+18 6.017322870225328396e+23 1.000000000000000182e+04 1.862020779342233154e+12 2.062955924088001060e-12 0.000000000000000000e+00 1.438371293180910870e+06
0.000000000000000000e+00 9.147291479820633088e+18 6.017322870225328396e+23 1.000000000000000182e+04 1.862020779342233154e+12 2.062955924088001060e-12 0.000000000000000000e+00 1.438371293180910870e+06
0.000000000000000000e+00 9.174968609865476096e+18 6.017322870225328396e+23 1.000000000000000182e+04 1.862020779342233154e+12 2.062955924088001060e-12 0.000000000000000000e+00 1.438371293180910870e+06
0.000000000000000000e+00 9.202645739910319104e+18 6.017322870225328396e+23 1.000000000000000182e+04 1.862020779342233154e+12 2.062955924088001060e-12 0.000000000000000000e+00 1.438371293180910870e+06
0.000000000000000000e+00 9.230322869955162112e+18 6.017322870225328396e+23 1.000000000000000182e+04 1.862020779342233154e+12 2.062955924088001060e-12 0.000000000000000000e+00 1.438371293180910870e+06
0.000000000000000000e+00 9.258000000000006144e+18 6.017322870225328396e+23 1.000000000000000182e+04 1.862020779342233154e+12 2.062955924088001060e-12 0.000000000000000000e+00 1.438371293180910870e+06
0.000000000000000000e+00 9.285677130044848128e+18 6.017322870225328396e+23 1.000000000000000182e+04 1.862020779342233154e+12 2.062955924088001060e-12 0.000000000000000000e+00 1.438371293180910870e+06
0.000000000000000000e+00 9.313354260089692160e+18 6.017322870225328396e+23 1.000000000000000182e+04 1.862020779342233154e+12 2.062955924088001060e-12 0.000000000000000000e+00 1.438371293180910870e+06
0.000000000000000000e+00 9.341031390134534144e+18 6.017322870225328396e+23 1.000000000000000182e+04 1.862020779342233154e+12 2.062955924088001060e-12 0.000000000000000000e+00 1.438371293180910870e+06
0.000000000000000000e+00 9.368708520179378176e+18 6.017322870225328396e+23 1.000000000000000182e+04 1.862020779342233154e+12 2.062955924088001060e-12 0.000000000000000000e+00 1.438371293180910870e+06
0.000000000000000000e+00 9.396385650224220160e+18 6.017322870225328396e+23 1.000000000000000182e+04 1.862020779342233154e+12 2.062955924088001060e-12 0.000000000000000000e+00 1.438371293180910870e+06
0.000000000000000000e+00 9.424062780269064192e+18 6.017322870225328396e+23 1.000000000000000182e+04 1.862020779342233154e+12 2.062955924088001060e-12 0.000000000000000000e+00 1.438371293180910870e+06
0.000000000000000000e+00 9.451739910313906176e+18 6.017322870225328396e+23 1.000000000000000182e+04 1.862020779342233154e+12 2.062955924088001060e-12 0.000000000000000000e+00 1.438371293180910870e+06
0.000000000000000000e+00 9.479417040358750208e+18 6.017322870225328396e+23 1.000000000000000182e+04 1.862020779342233154e+12 2.062955924088001060e-12 0.000000000000000000e+00 1.438371293180910870e+06
0.000000000000000000e+00 9.507094170403592192e+18 6.017322870225328396e+23 1.000000000000000182e+04 1.862020779342233154e+12 2.062955924088001060e-12 0.000000000000000000e+00 1.438371293180910870e+06
0.000000000000000000e+00 9.534771300448436224e+18 6.017322870225328396e+23 1.000000000000000182e+04 1.862020779342233154e+12 2.062955924088001060e-12 0.000000000000000000e+00 1.438371293180910870e+06
0.000000000000000000e+00 9.562448430493278208e+18 6.017322870225328396e+23 1.000000000000000182e+04 1.862020779342233154e+12 2.062955924088001060e-12 0.000000000000000000e+00 1.438371293180910870e+06
0.000000000000000000e+00 9.590125560538122240e+18 6.017322870225328396e+23 1.000000000000000182e+04 1.862020779342233154e+12 2.062955924088001060e-12 0.000000000000000000e+00 1.438371293180910870e+06
0.000000000000000000e+00 9.617802690582964224e+18 6.017322870225328396e+23 1.000000000000000182e+04 1.862020779342233154e+12 2.062955924088001060e-12 0.000000000000000000e+00 1.438371293180910870e+06
0.000000000000000000e+00 9.645479820627808256e+18 6.017322870225328396e+23 1.000000000000000182e+04 1.862020779342233154e+12 2.062955924088001060e-12 0.000000000000000000e+00 1.438371293180910870e+06
0.000000000000000000e+00 9.673156950672652288e+18 6.017322870225328396e+23 1.000000000000000182e+04 1.862020779342233154e+12 2.062955924088001060e-12 0.000000000000000000e+00 1.438371293180910870e+06
0.000000000000000000e+00 9.700834080717494272e+18 6.017322870225328396e+23 1.000000000000000182e+04 1.862020779342233154e+12 2.062955924088001060e-12 0.000000000000000000e+00 1.438371293180910870e+06
0.000000000000000000e+00 9.728511210762338304e+18 6.017322870225328396e+23 1.000000000000000182e+04 1.862020779342233154e+12 2.062955924088001060e-12 0.000000000000000000e+00 1.438371293180910870e+06
0.000000000000000000e+00 9.756188340807180288e+18 6.017322870225328396e+23 1.000000000000000182e+04 1.862020779342233154e+12 2.062955924088001060e-12 0.000000000000000000e+00 1.438371293180910870e+06
0.000000000000000000e+00 9.783865470852024320e+18 6.017322870225328396e+23 1.000000000000000182e+04 1.862020779342233154e+12 2.062955924088001060e-12 0.000000000000000000e+00 1.438371293180910870e+06
0.000000000000000000e+00 9.811542600896866304e+18 6.017322870225328396e+23 1.000000000000000182e+04 1.862020779342233154e+12 2.062955924088001060e-12 0.000000000000000000e+00 1.438371293180910870e+06
0.000000000000000000e+00 9.839219730941712384e+18 6.017322870225328396e+23 1.000000000000000182e+04 1.862020779342233154e+12 2.062955924088001060e-12 0.000000000000000000e+00 1.438371293180910870e+06
0.000000000000000000e+00 9.866896860986552320e+18 6.017322870225328396e+23 1.000000000000000182e+04 1.862020779342233154e+12 2.062955924088001060e-12 0.000000000000000000e+00 1.438371293180910870e+06
0.000000000000000000e+00 9.894573991031396352e+18 6.017322870225328396e+23 1.000000000000000182e+04 1.862020779342233154e+12 2.062955924088001060e-12 0.000000000000000000e+00 1.438371293180910870e+06
0.000000000000000000e+00 9.922251121076238336e+18 6.017322870225328396e+23 1.000000000000000182e+04 1.862020779342233154e+12 2.062955924088001060e-12 0.000000000000000000e+00 1.438371293180910870e+06
0.000000000000000000e+00 9.949928251121084416e+18 6.017322870225328396e+23 1.000000000000000182e+04 1.862020779342233154e+12 2.062955924088001060e-12 0.000000000000000000e+00 1.438371293180910870e+06
0.000000000000000000e+00 9.977605381165924352e+18 6.017322870225328396e+23 1.000000000000000182e+04 1.862020779342233154e+12 2.062955924088001060e-12 0.000000000000000000e+00 1.438371293180910870e+06
0.000000000000000000e+00 1.000528251121076838e+19 6.017322870225328396e+23 1.000000000000000182e+04 1.862020779342233154e+12 2.062955924088001060e-12 0.000000000000000000e+00 1.438371293180910870e+06
0.000000000000000000e+00 1.003295964125561037e+19 6.017322870225328396e+23 1.000000000000000182e+04 1.862020779342233154e+12 2.062955924088001060e-12 0.000000000000000000e+00 1.438371293180910870e+06
0.000000000000000000e+00 1.006063677130045645e+19 6.017322870225328396e+23 1.000000000000000182e+04 1.862020779342233154e+12 2.062955924088001060e-12 0.000000000000000000e+00 1.438371293180910870e+06
0.000000000000000000e+00 1.008831390134529638e+19 6.017322870225328396e+23 1.000000000000000182e+04 1.862020779342233154e+12 2.062955924088001060e-12 0.000000000000000000e+00 1.438371293180910870e+06
0.000000000000000000e+00 1.011599103139014042e+19 6.017322870225328396e+23 1.000000000000000182e+04 1.862020779342233154e+12 2.062955924088001060e-12 0.000000000000000000e+00 1.438371293180910870e+06
0.000000000000000000e+00 1.014366816143498240e+19 6.017322870225328396e+23 1.000000000000000182e+04 1.862020779342233154e+12 2.062955924088001060e-12 0.000000000000000000e+00 1.438371293180910870e+06
0.000000000000000000e+00 1.017134529147982848e+19 6.017322870225328396e+23 1.000000000000000182e+04 1.862020779342233154e+12 2.062955924088001060e-12 0.000000000000000000e+00 1.438371293180910870e+06
0.000000000000000000e+00 1.019902242152466842e+19 6.017322870225328396e+23 1.000000000000000182e+04 1.862020779342233154e+12 2.062955924088001060e-12 0.000000000000000000e+00 1.438371293180910870e+06
