  1000  1.0000E+00
   i   x             den           ener          pres          vel           cs
     1  6.000000E-04  2.306467E-15  3.169401E+13  4.873411E-02  1.440000E-04  5.934270E+06
     2  1.800000E-03  3.235884E-13  2.259079E+11  4.873411E-02  4.320000E-04  5.010077E+05
     3  3.000000E-03  3.223387E-12  2.267838E+10  4.873411E-02  7.200000E-04  1.587394E+05
     4  4.200000E-03  1.465172E-11  4.989256E+09  4.873411E-02  1.008000E-03  7.445547E+04
     5  5.400000E-03  4.539821E-11  1.610221E+09  4.873411E-02  1.296000E-03  4.229817E+04
     6  6.600000E-03  1.119991E-10  6.526943E+08  4.873411E-02  1.584000E-03  2.692983E+04
     7  7.800000E-03  2.375158E-10  3.077739E+08  4.873411E-02  1.872000E-03  1.849246E+04
     8  9.000000E-03  4.522287E-10  1.616465E+08  4.873411E-02  2.160000E-03  1.340176E+04
     9  1.020000E-02  7.942691E-10  9.203578E+07  4.873411E-02  2.448000E-03  1.011247E+04
    10  1.140000E-02  1.310203E-09  5.579376E+07  4.873411E-02  2.736000E-03  7.873567E+03
    11  1.260000E-02  2.055580E-09  3.556231E+07  4.873411E-02  3.024000E-03  6.285990E+03
    12  1.380000E-02  3.095443E-09  2.361574E+07  4.873411E-02  3.312000E-03  5.122471E+03
    13  1.500000E-02  4.504822E-09  1.622732E+07  4.873411E-02  3.600000E-03  4.246216E+03
    14  1.620000E-02  6.369194E-09  1.147730E+07  4.873411E-02  3.888000E-03  3.571072E+03
    15  1.740000E-02  8.784935E-09  8.321196E+06  4.873411E-02  4.176000E-03  3.040686E+03
    16  1.860000E-02  1.185974E-08  6.163808E+06  4.873411E-02  4.464000E-03  2.616997E+03
    17  1.980000E-02  1.571304E-08  4.652260E+06  4.873411E-02  4.752000E-03  2.273583E+03
    18  2.100000E-02  2.047641E-08  3.570019E+06  4.873411E-02  5.040000E-03  1.991654E+03
    19  2.220000E-02  2.629392E-08  2.780155E+06  4.873411E-02  5.328000E-03  1.757572E+03
    20  2.340000E-02  3.332256E-08  2.193744E+06  4.873411E-02  5.616000E-03  1.561247E+03
    21  2.460000E-02  4.173255E-08  1.751658E+06  4.873411E-02  5.904000E-03  1.395094E+03
    22  2.580000E-02  5.170775E-08  1.413737E+06  4.873411E-02  6.192000E-03  1.253323E+03
    23  2.700000E-02  6.344596E-08  1.152180E+06  4.873411E-02  6.480000E-03  1.131459E+03
    24  2.820000E-02  7.715925E-08  9.474065E+05  4.873411E-02  6.768000E-03  1.025999E+03
    25  2.940000E-02  9.307435E-08  7.854062E+05  4.873411E-02  7.056000E-03  9.341700E+02
    26  3.060000E-02  1.114329E-07  6.560107E+05  4.873411E-02  7.344000E-03  8.537568E+02
    27  3.180000E-02  1.324918E-07  5.517410E+05  4.873411E-02  7.632000E-03  7.829722E+02
    28  3.300000E-02  1.565236E-07  4.670298E+05  4.873411E-02  7.920000E-03  7.203624E+02
    29  3.420000E-02  1.838165E-07  3.976856E+05  4.873411E-02  8.208000E-03  6.647351E+02
    30  3.540000E-02  2.146751E-07  3.405200E+05  4.873411E-02  8.496000E-03  6.151061E+02
    31  3.660000E-02  2.494204E-07  2.930842E+05  4.873411E-02  8.784000E-03  5.706567E+02
    32  3.780000E-02  2.883900E-07  2.534803E+05  4.873411E-02  9.072000E-03  5.307021E+02
    33  3.900000E-02  3.319386E-07  2.202250E+05  4.873411E-02  9.360000E-03  4.946659E+02
    34  4.020000E-02  3.804383E-07  1.921499E+05  4.873411E-02  9.648000E-03  4.620604E+02
    35  4.140000E-02  4.342788E-07  1.683278E+05  4.873411E-02  9.936000E-03  4.324706E+02
    36  4.260000E-02  4.938673E-07  1.480178E+05  4.873411E-02  1.022400E-02  4.055419E+02
    37  4.380000E-02  5.596294E-07  1.306242E+05  4.873411E-02  1.051200E-02  3.809699E+02
    38  4.500000E-02  6.320092E-07  1.156647E+05  4.873411E-02  1.080000E-02  3.584918E+02
    39  4.620000E-02  7.114690E-07  1.027468E+05  4.873411E-02  1.108800E-02  3.378803E+02
    40  4.740000E-02  7.984902E-07  9.154924E+04  4.873411E-02  1.137600E-02  3.189379E+02
    41  4.860000E-02  8.935735E-07  8.180768E+04  4.873411E-02  1.166400E-02  3.014920E+02
    42  4.980000E-02  9.972387E-07  7.330359E+04  4.873411E-02  1.195200E-02  2.853917E+02
    43  5.100000E-02  1.110025E-06  6.585541E+04  4.873411E-02  1.224000E-02  2.705045E+02
    44  5.220000E-02  1.232493E-06  5.931165E+04  4.873411E-02  1.252800E-02  2.567135E+02
    45  5.340000E-02  1.365220E-06  5.354533E+04  4.873411E-02  1.281600E-02  2.439156E+02
    46  5.460000E-02  1.508808E-06  4.844962E+04  4.873411E-02  1.310400E-02  2.320192E+02
    47  5.580000E-02  1.663876E-06  4.393426E+04  4.873411E-02  1.339200E-02  2.209431E+02
    48  5.700000E-02  1.831066E-06  3.992275E+04  4.873411E-02  1.368000E-02  2.106148E+02
    49  5.820000E-02  2.011039E-06  3.634995E+04  4.873411E-02  1.396800E-02  2.009697E+02
    50  5.940000E-02  2.204480E-06  3.316028E+04  4.873411E-02  1.425600E-02  1.919499E+02
    51  6.060000E-02  2.412092E-06  3.030613E+04  4.873411E-02  1.454400E-02  1.835033E+02
    52  6.180000E-02  2.634603E-06  2.774656E+04  4.873411E-02  1.483200E-02  1.755833E+02
    53  6.300000E-02  2.872762E-06  2.544631E+04  4.873411E-02  1.512000E-02  1.681478E+02
    54  6.420000E-02  3.127337E-06  2.337489E+04  4.873411E-02  1.540800E-02  1.611586E+02
    55  6.540000E-02  3.399124E-06  2.150589E+04  4.873411E-02  1.569600E-02  1.545815E+02
    56  6.660000E-02  3.688936E-06  1.981633E+04  4.873411E-02  1.598400E-02  1.483851E+02
    57  6.780000E-02  3.997613E-06  1.828621E+04  4.873411E-02  1.627200E-02  1.425412E+02
    58  6.900000E-02  4.326015E-06  1.689804E+04  4.873411E-02  1.656000E-02  1.370241E+02
    59  7.020000E-02  4.675027E-06  1.563652E+04  4.873411E-02  1.684800E-02  1.318101E+02
    60  7.140000E-02  5.045557E-06  1.448823E+04  4.873411E-02  1.713600E-02  1.268780E+02
    61  7.260000E-02  5.438535E-06  1.344134E+04  4.873411E-02  1.742400E-02  1.222081E+02
    62  7.380000E-02  5.854917E-06  1.248543E+04  4.873411E-02  1.771200E-02  1.177824E+02
    63  7.500000E-02  6.295682E-06  1.161132E+04  4.873411E-02  1.800000E-02  1.135846E+02
    64  7.620000E-02  6.761834E-06  1.081085E+04  4.873411E-02  1.828800E-02  1.095995E+02
    65  7.740000E-02  7.254399E-06  1.007681E+04  4.873411E-02  1.857600E-02  1.058133E+02
    66  7.860000E-02  7.774431E-06  9.402769E+03  4.873411E-02  1.886400E-02  1.022131E+02
    67  7.980000E-02  8.323005E-06  8.783027E+03  4.873411E-02  1.915200E-02  9.878723E+01
    68  8.100000E-02  8.901224E-06  8.212486E+03  4.873411E-02  1.944000E-02  9.552478E+01
    69  8.220000E-02  9.510215E-06  7.686596E+03  4.873411E-02  1.972800E-02  9.241570E+01
    70  8.340000E-02  1.015113E-05  7.201285E+03  4.873411E-02  2.001600E-02  8.945069E+01
    71  8.460000E-02  1.082515E-05  6.752904E+03  4.873411E-02  2.030400E-02  8.662116E+01
    72  8.580000E-02  1.153347E-05  6.338178E+03  4.873411E-02  2.059200E-02  8.391912E+01
    73  8.700000E-02  1.227733E-05  5.954161E+03  4.873411E-02  2.088000E-02  8.133716E+01
    74  8.820000E-02  1.305797E-05  5.598202E+03  4.873411E-02  2.116800E-02  7.886840E+01
    75  8.940000E-02  1.387669E-05  5.267910E+03  4.873411E-02  2.145600E-02  7.650643E+01
    76  9.060000E-02  1.473479E-05  4.961127E+03  4.873412E-02  2.174400E-02  7.424529E+01
    77  9.180000E-02  1.563361E-05  4.675899E+03  4.873412E-02  2.203200E-02  7.207942E+01
    78  9.300000E-02  1.657450E-05  4.410460E+03  4.873412E-02  2.232000E-02  7.000365E+01
    79  9.420000E-02  1.755886E-05  4.163208E+03  4.873412E-02  2.260800E-02  6.801313E+01
    80  9.540000E-02  1.858809E-05  3.932688E+03  4.873412E-02  2.289600E-02  6.610335E+01
    81  9.660000E-02  1.966366E-05  3.717578E+03  4.873412E-02  2.318400E-02  6.427007E+01
    82  9.780000E-02  2.078701E-05  3.516676E+03  4.873412E-02  2.347200E-02  6.250934E+01
    83  9.900000E-02  2.195966E-05  3.328885E+03  4.873412E-02  2.376000E-02  6.081744E+01
    84  1.002000E-01  2.318312E-05  3.153207E+03  4.873412E-02  2.404800E-02  5.919090E+01
    85  1.014000E-01  2.445896E-05  2.988728E+03  4.873412E-02  2.433600E-02  5.762646E+01
    86  1.026000E-01  2.578875E-05  2.834615E+03  4.873412E-02  2.462400E-02  5.612105E+01
    87  1.038000E-01  2.717411E-05  2.690104E+03  4.873412E-02  2.491200E-02  5.467179E+01
    88  1.050000E-01  2.861667E-05  2.554497E+03  4.873412E-02  2.520000E-02  5.327597E+01
    89  1.062000E-01  3.011810E-05  2.427151E+03  4.873412E-02  2.548800E-02  5.193106E+01
    90  1.074000E-01  3.168010E-05  2.307480E+03  4.873412E-02  2.577600E-02  5.063464E+01
    91  1.086000E-01  3.330439E-05  2.194942E+03  4.873412E-02  2.606400E-02  4.938445E+01
    92  1.098000E-01  3.499273E-05  2.089040E+03  4.873412E-02  2.635200E-02  4.817836E+01
    93  1.110000E-01  3.674690E-05  1.989316E+03  4.873412E-02  2.664000E-02  4.701437E+01
    94  1.122000E-01  3.856871E-05  1.895350E+03  4.873413E-02  2.692800E-02  4.589056E+01
    95  1.134000E-01  4.046001E-05  1.806752E+03  4.873413E-02  2.721600E-02  4.480515E+01
    96  1.146000E-01  4.242268E-05  1.723163E+03  4.873413E-02  2.750400E-02  4.375643E+01
    97  1.158000E-01  4.445860E-05  1.644253E+03  4.873413E-02  2.779200E-02  4.274281E+01
    98  1.170000E-01  4.656973E-05  1.569715E+03  4.873413E-02  2.808000E-02  4.176275E+01
    99  1.182000E-01  4.875801E-05  1.499265E+03  4.873413E-02  2.836800E-02  4.081483E+01
   100  1.194000E-01  5.102545E-05  1.432642E+03  4.873413E-02  2.865600E-02  3.989767E+01
   101  1.206000E-01  5.337406E-05  1.369602E+03  4.873413E-02  2.894400E-02  3.900999E+01
   102  1.218000E-01  5.580591E-05  1.309919E+03  4.873413E-02  2.923200E-02  3.815056E+01
   103  1.230000E-01  5.832307E-05  1.253384E+03  4.873414E-02  2.952000E-02  3.731821E+01
   104  1.242000E-01  6.092767E-05  1.199803E+03  4.873414E-02  2.980801E-02  3.651184E+01
   105  1.254000E-01  6.362185E-05  1.148995E+03  4.873414E-02  3.009601E-02  3.573040E+01
   106  1.266000E-01  6.640780E-05  1.100793E+03  4.873414E-02  3.038401E-02  3.497289E+01
   107  1.278000E-01  6.928772E-05  1.055039E+03  4.873414E-02  3.067201E-02  3.423836E+01
   108  1.290000E-01  7.226386E-05  1.011588E+03  4.873415E-02  3.096001E-02  3.352590E+01
   109  1.302000E-01  7.533849E-05  9.703039E+02  4.873415E-02  3.124801E-02  3.283467E+01
   110  1.314000E-01  7.851391E-05  9.310608E+02  4.873415E-02  3.153601E-02  3.216383E+01
   111  1.326000E-01  8.179248E-05  8.937403E+02  4.873415E-02  3.182401E-02  3.151261E+01
   112  1.338000E-01  8.517655E-05  8.582320E+02  4.873415E-02  3.211201E-02  3.088027E+01
   113  1.350000E-01  8.866853E-05  8.244328E+02  4.873416E-02  3.240001E-02  3.026609E+01
   114  1.362000E-01  9.227086E-05  7.922463E+02  4.873416E-02  3.268801E-02  2.966940E+01
   115  1.374000E-01  9.598600E-05  7.615824E+02  4.873416E-02  3.297601E-02  2.908956E+01
   116  1.386000E-01  9.981646E-05  7.323567E+02  4.873417E-02  3.326401E-02  2.852595E+01
   117  1.398000E-01  1.037648E-04  7.044902E+02  4.873417E-02  3.355201E-02  2.797797E+01
   118  1.410000E-01  1.078335E-04  6.779087E+02  4.873417E-02  3.384001E-02  2.744507E+01
   119  1.422000E-01  1.120252E-04  6.525428E+02  4.873418E-02  3.412801E-02  2.692671E+01
   120  1.434000E-01  1.163426E-04  6.283274E+02  4.873418E-02  3.441601E-02  2.642237E+01
   121  1.446000E-01  1.207884E-04  6.052014E+02  4.873418E-02  3.470401E-02  2.593156E+01
   122  1.458000E-01  1.253651E-04  5.831071E+02  4.873419E-02  3.499202E-02  2.545382E+01
   123  1.470000E-01  1.300756E-04  5.619908E+02  4.873419E-02  3.528002E-02  2.498868E+01
   124  1.482000E-01  1.349226E-04  5.418016E+02  4.873419E-02  3.556802E-02  2.453572E+01
   125  1.494000E-01  1.399090E-04  5.224919E+02  4.873420E-02  3.585602E-02  2.409453E+01
   126  1.506000E-01  1.450375E-04  5.040166E+02  4.873420E-02  3.614402E-02  2.366471E+01
   127  1.518000E-01  1.503111E-04  4.863336E+02  4.873421E-02  3.643202E-02  2.324587E+01
   128  1.530000E-01  1.557326E-04  4.694029E+02  4.873421E-02  3.672002E-02  2.283766E+01
   129  1.542000E-01  1.613050E-04  4.531871E+02  4.873422E-02  3.700802E-02  2.243972E+01
   130  1.554000E-01  1.670312E-04  4.376508E+02  4.873422E-02  3.729602E-02  2.205173E+01
   131  1.566000E-01  1.729144E-04  4.227604E+02  4.873423E-02  3.758403E-02  2.167334E+01
   132  1.578000E-01  1.789574E-04  4.084847E+02  4.873424E-02  3.787203E-02  2.130427E+01
   133  1.590000E-01  1.851635E-04  3.947937E+02  4.873424E-02  3.816003E-02  2.094420E+01
   134  1.602000E-01  1.915356E-04  3.816594E+02  4.873425E-02  3.844803E-02  2.059286E+01
   135  1.614000E-01  1.980771E-04  3.690553E+02  4.873426E-02  3.873603E-02  2.024997E+01
   136  1.626000E-01  2.047910E-04  3.569561E+02  4.873426E-02  3.902403E-02  1.991527E+01
   137  1.638000E-01  2.116806E-04  3.453383E+02  4.873427E-02  3.931204E-02  1.958850E+01
   138  1.650000E-01  2.187491E-04  3.341793E+02  4.873428E-02  3.960004E-02  1.926941E+01
   139  1.662000E-01  2.259999E-04  3.234579E+02  4.873429E-02  3.988804E-02  1.895778E+01
   140  1.674000E-01  2.334362E-04  3.131539E+02  4.873430E-02  4.017604E-02  1.865338E+01
   141  1.686000E-01  2.410615E-04  3.032482E+02  4.873430E-02  4.046404E-02  1.835599E+01
   142  1.698000E-01  2.488791E-04  2.937229E+02  4.873431E-02  4.075205E-02  1.806540E+01
   143  1.710000E-01  2.568925E-04  2.845606E+02  4.873432E-02  4.104005E-02  1.778141E+01
   144  1.722000E-01  2.651051E-04  2.757453E+02  4.873433E-02  4.132805E-02  1.750382E+01
   145  1.734000E-01  2.735205E-04  2.672615E+02  4.873434E-02  4.161605E-02  1.723245E+01
   146  1.746000E-01  2.821423E-04  2.590946E+02  4.873435E-02  4.190406E-02  1.696711E+01
   147  1.758000E-01  2.909740E-04  2.512306E+02  4.873436E-02  4.219206E-02  1.670763E+01
   148  1.770000E-01  3.000192E-04  2.436563E+02  4.873438E-02  4.248006E-02  1.645385E+01
   149  1.782000E-01  3.092816E-04  2.363593E+02  4.873439E-02  4.276807E-02  1.620560E+01
   150  1.794000E-01  3.187649E-04  2.293277E+02  4.873440E-02  4.305607E-02  1.596272E+01
   151  1.806000E-01  3.284728E-04  2.225500E+02  4.873441E-02  4.334407E-02  1.572507E+01
   152  1.818000E-01  3.384092E-04  2.160155E+02  4.873443E-02  4.363208E-02  1.549249E+01
   153  1.830000E-01  3.485778E-04  2.097141E+02  4.873444E-02  4.392008E-02  1.526485E+01
   154  1.842000E-01  3.589825E-04  2.036358E+02  4.873445E-02  4.420809E-02  1.504201E+01
   155  1.854000E-01  3.696271E-04  1.977715E+02  4.873447E-02  4.449609E-02  1.482384E+01
   156  1.866000E-01  3.805157E-04  1.921123E+02  4.873448E-02  4.478409E-02  1.461020E+01
   157  1.878000E-01  3.916521E-04  1.866497E+02  4.873450E-02  4.507210E-02  1.440099E+01
   158  1.890000E-01  4.030404E-04  1.813758E+02  4.873452E-02  4.536010E-02  1.419608E+01
   159  1.902000E-01  4.146845E-04  1.762829E+02  4.873453E-02  4.564811E-02  1.399535E+01
   160  1.914000E-01  4.265887E-04  1.713637E+02  4.873455E-02  4.593611E-02  1.379870E+01
   161  1.926000E-01  4.387570E-04  1.666112E+02  4.873457E-02  4.622412E-02  1.360601E+01
   162  1.938000E-01  4.511936E-04  1.620189E+02  4.873459E-02  4.651213E-02  1.341719E+01
   163  1.950000E-01  4.639027E-04  1.575803E+02  4.873461E-02  4.680013E-02  1.323213E+01
   164  1.962000E-01  4.768885E-04  1.532894E+02  4.873463E-02  4.708814E-02  1.305073E+01
   165  1.974000E-01  4.901552E-04  1.491405E+02  4.873465E-02  4.737614E-02  1.287290E+01
   166  1.986000E-01  5.037073E-04  1.451280E+02  4.873467E-02  4.766415E-02  1.269855E+01
   167  1.998000E-01  5.175490E-04  1.412466E+02  4.873469E-02  4.795216E-02  1.252760E+01
   168  2.010000E-01  5.316848E-04  1.374914E+02  4.873471E-02  4.824016E-02  1.235994E+01
   169  2.022000E-01  5.461191E-04  1.338575E+02  4.873474E-02  4.852817E-02  1.219551E+01
   170  2.034000E-01  5.608563E-04  1.303402E+02  4.873476E-02  4.881618E-02  1.203422E+01
   171  2.046000E-01  5.759011E-04  1.269353E+02  4.873479E-02  4.910419E-02  1.187599E+01
   172  2.058000E-01  5.912579E-04  1.236385E+02  4.873481E-02  4.939220E-02  1.172075E+01
   173  2.070000E-01  6.069313E-04  1.204457E+02  4.873484E-02  4.968020E-02  1.156843E+01
   174  2.082000E-01  6.229260E-04  1.173531E+02  4.873487E-02  4.996821E-02  1.141895E+01
   175  2.094000E-01  6.392467E-04  1.143570E+02  4.873490E-02  5.025622E-02  1.127224E+01
   176  2.106000E-01  6.558980E-04  1.114539E+02  4.873493E-02  5.054423E-02  1.112824E+01
   177  2.118000E-01  6.728848E-04  1.086404E+02  4.873496E-02  5.083224E-02  1.098688E+01
   178  2.130000E-01  6.902118E-04  1.059131E+02  4.873499E-02  5.112025E-02  1.084810E+01
   179  2.142000E-01  7.078839E-04  1.032691E+02  4.873502E-02  5.140826E-02  1.071184E+01
   180  2.154000E-01  7.259059E-04  1.007053E+02  4.873506E-02  5.169628E-02  1.057803E+01
   181  2.166000E-01  7.442828E-04  9.821890E+01  4.873509E-02  5.198429E-02  1.044663E+01
   182  2.178000E-01  7.630196E-04  9.580710E+01  4.873513E-02  5.227230E-02  1.031757E+01
   183  2.190000E-01  7.821212E-04  9.346729E+01  4.873516E-02  5.256031E-02  1.019081E+01
   184  2.202000E-01  8.015927E-04  9.119695E+01  4.873520E-02  5.284832E-02  1.006628E+01
   185  2.214000E-01  8.214392E-04  8.899364E+01  4.873524E-02  5.313634E-02  9.943934E+00
   186  2.226000E-01  8.416658E-04  8.685505E+01  4.873528E-02  5.342435E-02  9.823727E+00
   187  2.238000E-01  8.622777E-04  8.477894E+01  4.873532E-02  5.371237E-02  9.705607E+00
   188  2.250000E-01  8.832801E-04  8.276316E+01  4.873537E-02  5.400038E-02  9.589528E+00
   189  2.262000E-01  9.046783E-04  8.080565E+01  4.873541E-02  5.428840E-02  9.475444E+00
   190  2.274000E-01  9.264776E-04  7.890443E+01  4.873546E-02  5.457641E-02  9.363311E+00
   191  2.286000E-01  9.486832E-04  7.705760E+01  4.873550E-02  5.486443E-02  9.253083E+00
   192  2.298000E-01  9.713007E-04  7.526334E+01  4.873555E-02  5.515245E-02  9.144721E+00
   193  2.310000E-01  9.943354E-04  7.351987E+01  4.873560E-02  5.544046E-02  9.038182E+00
   194  2.322000E-01  1.017793E-03  7.182551E+01  4.873565E-02  5.572848E-02  8.933427E+00
   195  2.334000E-01  1.041678E-03  7.017863E+01  4.873570E-02  5.601650E-02  8.830416E+00
   196  2.346000E-01  1.065998E-03  6.857767E+01  4.873576E-02  5.630452E-02  8.729113E+00
   197  2.358000E-01  1.090756E-03  6.702113E+01  4.873581E-02  5.659254E-02  8.629479E+00
   198  2.370000E-01  1.115960E-03  6.550755E+01  4.873587E-02  5.688056E-02  8.531480E+00
   199  2.382000E-01  1.141615E-03  6.403554E+01  4.873593E-02  5.716858E-02  8.435081E+00
   200  2.394000E-01  1.167725E-03  6.260375E+01  4.873599E-02  5.745661E-02  8.340247E+00
   201  2.406000E-01  1.194298E-03  6.121090E+01  4.873605E-02  5.774463E-02  8.246945E+00
   202  2.418000E-01  1.221339E-03  5.985574E+01  4.873612E-02  5.803265E-02  8.155144E+00
   203  2.430000E-01  1.248854E-03  5.853707E+01  4.873618E-02  5.832068E-02  8.064811E+00
   204  2.442000E-01  1.276849E-03  5.725373E+01  4.873625E-02  5.860870E-02  7.975917E+00
   205  2.454000E-01  1.305330E-03  5.600462E+01  4.873632E-02  5.889673E-02  7.888431E+00
   206  2.466000E-01  1.334302E-03  5.478865E+01  4.873639E-02  5.918476E-02  7.802325E+00
   207  2.478000E-01  1.363772E-03  5.360480E+01  4.873646E-02  5.947279E-02  7.717569E+00
   208  2.490000E-01  1.393745E-03  5.245206E+01  4.873654E-02  5.976082E-02  7.634138E+00
   209  2.502000E-01  1.424229E-03  5.132947E+01  4.873661E-02  6.004885E-02  7.552002E+00
   210  2.514000E-01  1.455229E-03  5.023611E+01  4.873669E-02  6.033688E-02  7.471138E+00
   211  2.526000E-01  1.486751E-03  4.917108E+01  4.873677E-02  6.062491E-02  7.391517E+00
   212  2.538000E-01  1.518802E-03  4.813352E+01  4.873686E-02  6.091294E-02  7.313117E+00
   213  2.550000E-01  1.551388E-03  4.712259E+01  4.873694E-02  6.120097E-02  7.235913E+00
   214  2.562000E-01  1.584515E-03  4.613750E+01  4.873703E-02  6.148901E-02  7.159880E+00
   215  2.574000E-01  1.618190E-03  4.517745E+01  4.873712E-02  6.177705E-02  7.084996E+00
   216  2.586000E-01  1.652418E-03  4.424171E+01  4.873721E-02  6.206508E-02  7.011238E+00
   217  2.598000E-01  1.687208E-03  4.332955E+01  4.873731E-02  6.235312E-02  6.938584E+00
   218  2.610000E-01  1.722565E-03  4.244027E+01  4.873740E-02  6.264116E-02  6.867012E+00
   219  2.622000E-01  1.758495E-03  4.157320E+01  4.873750E-02  6.292920E-02  6.796502E+00
   220  2.634000E-01  1.795005E-03  4.072768E+01  4.873761E-02  6.321724E-02  6.727033E+00
   221  2.646000E-01  1.832103E-03  3.990309E+01  4.873771E-02  6.350529E-02  6.658585E+00
   222  2.658000E-01  1.869794E-03  3.909881E+01  4.873782E-02  6.379333E-02  6.591139E+00
   223  2.670000E-01  1.908086E-03  3.831425E+01  4.873793E-02  6.408138E-02  6.524675E+00
   224  2.682000E-01  1.946985E-03  3.754885E+01  4.873804E-02  6.436942E-02  6.459175E+00
   225  2.694000E-01  1.986499E-03  3.680206E+01  4.873816E-02  6.465747E-02  6.394620E+00
   226  2.706000E-01  2.026633E-03  3.607334E+01  4.873828E-02  6.494552E-02  6.330994E+00
   227  2.718000E-01  2.067396E-03  3.536217E+01  4.873840E-02  6.523357E-02  6.268277E+00
   228  2.730000E-01  2.108793E-03  3.466807E+01  4.873852E-02  6.552162E-02  6.206455E+00
   229  2.742000E-01  2.150832E-03  3.399055E+01  4.873865E-02  6.580968E-02  6.145509E+00
   230  2.754000E-01  2.193521E-03  3.332914E+01  4.873878E-02  6.609773E-02  6.085424E+00
   231  2.766000E-01  2.236866E-03  3.268340E+01  4.873891E-02  6.638579E-02  6.026183E+00
   232  2.778000E-01  2.280874E-03  3.205288E+01  4.873905E-02  6.667385E-02  5.967773E+00
   233  2.790000E-01  2.325553E-03  3.143717E+01  4.873919E-02  6.696191E-02  5.910176E+00
   234  2.802000E-01  2.370910E-03  3.083585E+01  4.873934E-02  6.724997E-02  5.853379E+00
   235  2.814000E-01  2.416952E-03  3.024852E+01  4.873948E-02  6.753804E-02  5.797367E+00
   236  2.826000E-01  2.463687E-03  2.967482E+01  4.873963E-02  6.782610E-02  5.742126E+00
   237  2.838000E-01  2.511122E-03  2.911435E+01  4.873979E-02  6.811417E-02  5.687643E+00
   238  2.850000E-01  2.559264E-03  2.856677E+01  4.873994E-02  6.840224E-02  5.633903E+00
   239  2.862000E-01  2.608122E-03  2.803173E+01  4.874011E-02  6.869031E-02  5.580893E+00
   240  2.874000E-01  2.657702E-03  2.750888E+01  4.874027E-02  6.897839E-02  5.528601E+00
   241  2.886000E-01  2.708012E-03  2.699791E+01  4.874044E-02  6.926646E-02  5.477013E+00
   242  2.898000E-01  2.759061E-03  2.649849E+01  4.874061E-02  6.955454E-02  5.426118E+00
   243  2.910000E-01  2.810854E-03  2.601031E+01  4.874079E-02  6.984262E-02  5.375904E+00
   244  2.922000E-01  2.863402E-03  2.553308E+01  4.874097E-02  7.013070E-02  5.326358E+00
   245  2.934000E-01  2.916710E-03  2.506651E+01  4.874116E-02  7.041879E-02  5.277468E+00
   246  2.946000E-01  2.970788E-03  2.461032E+01  4.874135E-02  7.070687E-02  5.229225E+00
   247  2.958000E-01  3.025642E-03  2.416423E+01  4.874154E-02  7.099496E-02  5.181616E+00
   248  2.970000E-01  3.081282E-03  2.372799E+01  4.874174E-02  7.128305E-02  5.134630E+00
   249  2.982000E-01  3.137714E-03  2.330133E+01  4.874194E-02  7.157115E-02  5.088258E+00
   250  2.994000E-01  3.194947E-03  2.288402E+01  4.874215E-02  7.185924E-02  5.042488E+00
   251  3.006000E-01  3.252990E-03  2.247580E+01  4.874236E-02  7.214734E-02  4.997310E+00
   252  3.018000E-01  3.311849E-03  2.207645E+01  4.874258E-02  7.243544E-02  4.952715E+00
   253  3.030000E-01  3.371534E-03  2.168574E+01  4.874280E-02  7.272355E-02  4.908692E+00
   254  3.042000E-01  3.432053E-03  2.130344E+01  4.874302E-02  7.301166E-02  4.865233E+00
   255  3.054000E-01  3.493413E-03  2.092935E+01  4.874325E-02  7.329976E-02  4.822327E+00
   256  3.066000E-01  3.555624E-03  2.056326E+01  4.874349E-02  7.358788E-02  4.779965E+00
   257  3.078000E-01  3.618694E-03  2.020497E+01  4.874373E-02  7.387599E-02  4.738139E+00
   258  3.090000E-01  3.682631E-03  1.985428E+01  4.874398E-02  7.416411E-02  4.696840E+00
   259  3.102000E-01  3.747443E-03  1.951100E+01  4.874423E-02  7.445223E-02  4.656059E+00
   260  3.114000E-01  3.813140E-03  1.917494E+01  4.874449E-02  7.474036E-02  4.615787E+00
   261  3.126000E-01  3.879730E-03  1.884593E+01  4.874475E-02  7.502848E-02  4.576016E+00
   262  3.138000E-01  3.947221E-03  1.852380E+01  4.874502E-02  7.531661E-02  4.536739E+00
   263  3.150000E-01  4.015622E-03  1.820837E+01  4.874529E-02  7.560475E-02  4.497946E+00
   264  3.162000E-01  4.084943E-03  1.789948E+01  4.874557E-02  7.589289E-02  4.459631E+00
   265  3.174000E-01  4.155191E-03  1.759698E+01  4.874586E-02  7.618103E-02  4.421786E+00
   266  3.186000E-01  4.226376E-03  1.730069E+01  4.874615E-02  7.646917E-02  4.384403E+00
   267  3.198000E-01  4.298506E-03  1.701049E+01  4.874645E-02  7.675732E-02  4.347475E+00
   268  3.210000E-01  4.371591E-03  1.672621E+01  4.874675E-02  7.704547E-02  4.310994E+00
   269  3.222000E-01  4.445639E-03  1.644771E+01  4.874706E-02  7.733362E-02  4.274954E+00
   270  3.234000E-01  4.520660E-03  1.617487E+01  4.874738E-02  7.762178E-02  4.239348E+00
   271  3.246000E-01  4.596663E-03  1.590753E+01  4.874770E-02  7.790995E-02  4.204168E+00
   272  3.258000E-01  4.673657E-03  1.564558E+01  4.874803E-02  7.819811E-02  4.169409E+00
   273  3.270000E-01  4.751651E-03  1.538887E+01  4.874837E-02  7.848628E-02  4.135063E+00
   274  3.282000E-01  4.830654E-03  1.513730E+01  4.874871E-02  7.877446E-02  4.101125E+00
   275  3.294000E-01  4.910676E-03  1.489074E+01  4.874906E-02  7.906264E-02  4.067587E+00
   276  3.306000E-01  4.991726E-03  1.464907E+01  4.874942E-02  7.935082E-02  4.034444E+00
   277  3.318000E-01  5.073813E-03  1.441217E+01  4.874979E-02  7.963901E-02  4.001690E+00
   278  3.330000E-01  5.156948E-03  1.417995E+01  4.875016E-02  7.992720E-02  3.969319E+00
   279  3.342000E-01  5.241139E-03  1.395227E+01  4.875054E-02  8.021540E-02  3.937325E+00
   280  3.354000E-01  5.326397E-03  1.372905E+01  4.875092E-02  8.050360E-02  3.905701E+00
   281  3.366000E-01  5.412730E-03  1.351018E+01  4.875132E-02  8.079181E-02  3.874444E+00
   282  3.378000E-01  5.500149E-03  1.329557E+01  4.875172E-02  8.108002E-02  3.843546E+00
   283  3.390000E-01  5.588663E-03  1.308510E+01  4.875213E-02  8.136823E-02  3.813004E+00
   284  3.402000E-01  5.678282E-03  1.287869E+01  4.875255E-02  8.165646E-02  3.782810E+00
   285  3.414000E-01  5.769016E-03  1.267625E+01  4.875298E-02  8.194468E-02  3.752961E+00
   286  3.426000E-01  5.860875E-03  1.247768E+01  4.875341E-02  8.223291E-02  3.723451E+00
   287  3.438000E-01  5.953869E-03  1.228290E+01  4.875386E-02  8.252115E-02  3.694275E+00
   288  3.450000E-01  6.048008E-03  1.209183E+01  4.875431E-02  8.280939E-02  3.665428E+00
   289  3.462000E-01  6.143302E-03  1.190437E+01  4.875477E-02  8.309764E-02  3.636905E+00
   290  3.474000E-01  6.239761E-03  1.172046E+01  4.875524E-02  8.338589E-02  3.608702E+00
   291  3.486000E-01  6.337395E-03  1.154001E+01  4.875572E-02  8.367415E-02  3.580814E+00
   292  3.498000E-01  6.436214E-03  1.136294E+01  4.875621E-02  8.396242E-02  3.553236E+00
   293  3.510000E-01  6.536230E-03  1.118918E+01  4.875671E-02  8.425069E-02  3.525964E+00
   294  3.522000E-01  6.637452E-03  1.101866E+01  4.875721E-02  8.453897E-02  3.498993E+00
   295  3.534000E-01  6.739890E-03  1.085130E+01  4.875773E-02  8.482725E-02  3.472320E+00
   296  3.546000E-01  6.843556E-03  1.068705E+01  4.875826E-02  8.511554E-02  3.445939E+00
   297  3.558000E-01  6.948459E-03  1.052582E+01  4.875879E-02  8.540383E-02  3.419846E+00
   298  3.570000E-01  7.054610E-03  1.036755E+01  4.875934E-02  8.569214E-02  3.394039E+00
   299  3.582000E-01  7.162020E-03  1.021218E+01  4.875990E-02  8.598045E-02  3.368511E+00
   300  3.594000E-01  7.270700E-03  1.005965E+01  4.876046E-02  8.626876E-02  3.343260E+00
   301  3.606000E-01  7.380660E-03  9.909895E+00  4.876104E-02  8.655708E-02  3.318282E+00
   302  3.618000E-01  7.491911E-03  9.762856E+00  4.876163E-02  8.684542E-02  3.293572E+00
   303  3.630000E-01  7.604464E-03  9.618475E+00  4.876223E-02  8.713375E-02  3.269127E+00
   304  3.642000E-01  7.718330E-03  9.476696E+00  4.876284E-02  8.742210E-02  3.244944E+00
   305  3.654000E-01  7.833519E-03  9.337462E+00  4.876346E-02  8.771045E-02  3.221018E+00
   306  3.666000E-01  7.950044E-03  9.200721E+00  4.876409E-02  8.799881E-02  3.197346E+00
   307  3.678000E-01  8.067915E-03  9.066421E+00  4.876473E-02  8.828718E-02  3.173925E+00
   308  3.690000E-01  8.187142E-03  8.934508E+00  4.876539E-02  8.857555E-02  3.150751E+00
   309  3.702000E-01  8.307738E-03  8.804934E+00  4.876606E-02  8.886393E-02  3.127820E+00
   310  3.714000E-01  8.429714E-03  8.677650E+00  4.876674E-02  8.915233E-02  3.105130E+00
   311  3.726000E-01  8.553081E-03  8.552608E+00  4.876743E-02  8.944073E-02  3.082677E+00
   312  3.738000E-01  8.677850E-03  8.429761E+00  4.876813E-02  8.972913E-02  3.060458E+00
   313  3.750000E-01  8.804033E-03  8.309065E+00  4.876885E-02  9.001755E-02  3.038469E+00
   314  3.762000E-01  8.931641E-03  8.190474E+00  4.876958E-02  9.030598E-02  3.016708E+00
   315  3.774000E-01  9.060685E-03  8.073946E+00  4.877032E-02  9.059441E-02  2.995171E+00
   316  3.786000E-01  9.191179E-03  7.959438E+00  4.877108E-02  9.088285E-02  2.973856E+00
   317  3.798000E-01  9.323132E-03  7.846909E+00  4.877185E-02  9.117131E-02  2.952759E+00
   318  3.810000E-01  9.456558E-03  7.736319E+00  4.877263E-02  9.145977E-02  2.931878E+00
   319  3.822000E-01  9.591467E-03  7.627628E+00  4.877342E-02  9.174824E-02  2.911210E+00
   320  3.834000E-01  9.727871E-03  7.520798E+00  4.877423E-02  9.203672E-02  2.890751E+00
   321  3.846000E-01  9.865783E-03  7.415791E+00  4.877506E-02  9.232521E-02  2.870500E+00
   322  3.858000E-01  1.000521E-02  7.312571E+00  4.877589E-02  9.261372E-02  2.850452E+00
   323  3.870000E-01  1.014618E-02  7.211102E+00  4.877675E-02  9.290223E-02  2.830607E+00
   324  3.882000E-01  1.028868E-02  7.111349E+00  4.877761E-02  9.319075E-02  2.810960E+00
   325  3.894000E-01  1.043275E-02  7.013278E+00  4.877850E-02  9.347928E-02  2.791510E+00
   326  3.906000E-01  1.057838E-02  6.916855E+00  4.877939E-02  9.376783E-02  2.772254E+00
   327  3.918000E-01  1.072559E-02  6.822047E+00  4.878031E-02  9.405638E-02  2.753189E+00
   328  3.930000E-01  1.087439E-02  6.728824E+00  4.878123E-02  9.434495E-02  2.734313E+00
   329  3.942000E-01  1.102480E-02  6.637153E+00  4.878218E-02  9.463352E-02  2.715624E+00
   330  3.954000E-01  1.117682E-02  6.547004E+00  4.878314E-02  9.492211E-02  2.697118E+00
   331  3.966000E-01  1.133048E-02  6.458347E+00  4.878411E-02  9.521071E-02  2.678795E+00
   332  3.978000E-01  1.148578E-02  6.371154E+00  4.878511E-02  9.549932E-02  2.660650E+00
   333  3.990000E-01  1.164273E-02  6.285396E+00  4.878612E-02  9.578795E-02  2.642683E+00
   334  4.002000E-01  1.180135E-02  6.201044E+00  4.878714E-02  9.607658E-02  2.624890E+00
   335  4.014000E-01  1.196166E-02  6.118073E+00  4.878818E-02  9.636523E-02  2.607270E+00
   336  4.026000E-01  1.212365E-02  6.036454E+00  4.878924E-02  9.665390E-02  2.589821E+00
   337  4.038000E-01  1.228735E-02  5.956163E+00  4.879032E-02  9.694257E-02  2.572539E+00
   338  4.050000E-01  1.245278E-02  5.877174E+00  4.879142E-02  9.723126E-02  2.555424E+00
   339  4.062000E-01  1.261993E-02  5.799461E+00  4.879253E-02  9.751996E-02  2.538473E+00
   340  4.074000E-01  1.278883E-02  5.723001E+00  4.879366E-02  9.780867E-02  2.521684E+00
   341  4.086000E-01  1.295949E-02  5.647770E+00  4.879481E-02  9.809740E-02  2.505055E+00
   342  4.098000E-01  1.313192E-02  5.573744E+00  4.879598E-02  9.838615E-02  2.488584E+00
   343  4.110000E-01  1.330614E-02  5.500901E+00  4.879717E-02  9.867490E-02  2.472269E+00
   344  4.122000E-01  1.348216E-02  5.429219E+00  4.879838E-02  9.896367E-02  2.456108E+00
   345  4.134000E-01  1.365998E-02  5.358675E+00  4.879961E-02  9.925246E-02  2.440099E+00
   346  4.146000E-01  1.383964E-02  5.289249E+00  4.880085E-02  9.954126E-02  2.424241E+00
   347  4.158000E-01  1.402113E-02  5.220919E+00  4.880212E-02  9.983008E-02  2.408531E+00
   348  4.170000E-01  1.420448E-02  5.153665E+00  4.880341E-02  1.001189E-01  2.392968E+00
   349  4.182000E-01  1.438969E-02  5.087468E+00  4.880472E-02  1.004078E-01  2.377550E+00
   350  4.194000E-01  1.457678E-02  5.022307E+00  4.880604E-02  1.006966E-01  2.362275E+00
   351  4.206000E-01  1.476577E-02  4.958164E+00  4.880739E-02  1.009855E-01  2.347141E+00
   352  4.218000E-01  1.495666E-02  4.895019E+00  4.880877E-02  1.012744E-01  2.332147E+00
   353  4.230000E-01  1.514948E-02  4.832855E+00  4.881016E-02  1.015633E-01  2.317291E+00
   354  4.242000E-01  1.534423E-02  4.771653E+00  4.881157E-02  1.018522E-01  2.302572E+00
   355  4.254000E-01  1.554094E-02  4.711397E+00  4.881301E-02  1.021412E-01  2.287987E+00
   356  4.266000E-01  1.573960E-02  4.652068E+00  4.881447E-02  1.024302E-01  2.273536E+00
   357  4.278000E-01  1.594025E-02  4.593650E+00  4.881595E-02  1.027191E-01  2.259216E+00
   358  4.290000E-01  1.614289E-02  4.536126E+00  4.881746E-02  1.030081E-01  2.245026E+00
   359  4.302000E-01  1.634754E-02  4.479481E+00  4.881899E-02  1.032972E-01  2.230964E+00
   360  4.314000E-01  1.655421E-02  4.423698E+00  4.882054E-02  1.035862E-01  2.217029E+00
   361  4.326000E-01  1.676291E-02  4.368762E+00  4.882212E-02  1.038752E-01  2.203220E+00
   362  4.338000E-01  1.697367E-02  4.314658E+00  4.882372E-02  1.041643E-01  2.189535E+00
   363  4.350000E-01  1.718649E-02  4.261372E+00  4.882534E-02  1.044534E-01  2.175973E+00
   364  4.362000E-01  1.740139E-02  4.208887E+00  4.882699E-02  1.047425E-01  2.162531E+00
   365  4.374000E-01  1.761839E-02  4.157191E+00  4.882867E-02  1.050317E-01  2.149209E+00
   366  4.386000E-01  1.783750E-02  4.106269E+00  4.883037E-02  1.053208E-01  2.136006E+00
   367  4.398000E-01  1.805873E-02  4.056108E+00  4.883210E-02  1.056100E-01  2.122919E+00
   368  4.410000E-01  1.828210E-02  4.006694E+00  4.883385E-02  1.058992E-01  2.109948E+00
   369  4.422000E-01  1.850763E-02  3.958014E+00  4.883563E-02  1.061884E-01  2.097092E+00
   370  4.434000E-01  1.873533E-02  3.910055E+00  4.883744E-02  1.064777E-01  2.084348E+00
   371  4.446000E-01  1.896521E-02  3.862806E+00  4.883927E-02  1.067669E-01  2.071716E+00
   372  4.458000E-01  1.919729E-02  3.816252E+00  4.884113E-02  1.070562E-01  2.059194E+00
   373  4.470000E-01  1.943159E-02  3.770383E+00  4.884302E-02  1.073455E-01  2.046781E+00
   374  4.482000E-01  1.966813E-02  3.725186E+00  4.884494E-02  1.076348E-01  2.034477E+00
   375  4.494000E-01  1.990691E-02  3.680649E+00  4.884689E-02  1.079242E-01  2.022278E+00
   376  4.506000E-01  2.014795E-02  3.636762E+00  4.884886E-02  1.082136E-01  2.010186E+00
   377  4.518000E-01  2.039127E-02  3.593514E+00  4.885087E-02  1.085030E-01  1.998197E+00
   378  4.530000E-01  2.063688E-02  3.550893E+00  4.885290E-02  1.087924E-01  1.986312E+00
   379  4.542000E-01  2.088481E-02  3.508888E+00  4.885497E-02  1.090819E-01  1.974529E+00
   380  4.554000E-01  2.113506E-02  3.467489E+00  4.885706E-02  1.093713E-01  1.962846E+00
   381  4.566000E-01  2.138766E-02  3.426686E+00  4.885919E-02  1.096608E-01  1.951263E+00
   382  4.578000E-01  2.164261E-02  3.386469E+00  4.886134E-02  1.099504E-01  1.939779E+00
   383  4.590000E-01  2.189994E-02  3.346827E+00  4.886353E-02  1.102399E-01  1.928392E+00
   384  4.602000E-01  2.215965E-02  3.307752E+00  4.886575E-02  1.105295E-01  1.917102E+00
   385  4.614000E-01  2.242178E-02  3.269233E+00  4.886800E-02  1.108191E-01  1.905907E+00
   386  4.626000E-01  2.268633E-02  3.231261E+00  4.887028E-02  1.111087E-01  1.894806E+00
   387  4.638000E-01  2.295331E-02  3.193827E+00  4.887260E-02  1.113984E-01  1.883798E+00
   388  4.650000E-01  2.322276E-02  3.156922E+00  4.887495E-02  1.116881E-01  1.872883E+00
   389  4.662000E-01  2.349468E-02  3.120537E+00  4.887734E-02  1.119778E-01  1.862059E+00
   390  4.674000E-01  2.376908E-02  3.084664E+00  4.887976E-02  1.122676E-01  1.851325E+00
   391  4.686000E-01  2.404600E-02  3.049294E+00  4.888221E-02  1.125573E-01  1.840680E+00
   392  4.698000E-01  2.432543E-02  3.014419E+00  4.888470E-02  1.128471E-01  1.830124E+00
   393  4.710000E-01  2.460741E-02  2.980030E+00  4.888722E-02  1.131370E-01  1.819655E+00
   394  4.722000E-01  2.489195E-02  2.946120E+00  4.888978E-02  1.134269E-01  1.809272E+00
   395  4.734000E-01  2.517906E-02  2.912681E+00  4.889237E-02  1.137168E-01  1.798975E+00
   396  4.746000E-01  2.546876E-02  2.879705E+00  4.889501E-02  1.140067E-01  1.788763E+00
   397  4.758000E-01  2.576107E-02  2.847184E+00  4.889768E-02  1.142966E-01  1.778634E+00
   398  4.770000E-01  2.605601E-02  2.815111E+00  4.890038E-02  1.145866E-01  1.768587E+00
   399  4.782000E-01  2.635360E-02  2.783480E+00  4.890313E-02  1.148767E-01  1.758623E+00
   400  4.794000E-01  2.665384E-02  2.752281E+00  4.890591E-02  1.151667E-01  1.748740E+00
   401  4.806000E-01  2.695676E-02  2.721510E+00  4.890873E-02  1.154568E-01  1.738936E+00
   402  4.818000E-01  2.726239E-02  2.691158E+00  4.891159E-02  1.157470E-01  1.729212E+00
   403  4.830000E-01  2.757072E-02  2.661220E+00  4.891449E-02  1.160371E-01  1.719567E+00
   404  4.842000E-01  2.788179E-02  2.631687E+00  4.891744E-02  1.163273E-01  1.709999E+00
   405  4.854000E-01  2.819561E-02  2.602555E+00  4.892042E-02  1.166176E-01  1.700508E+00
   406  4.866000E-01  2.851220E-02  2.573816E+00  4.892344E-02  1.169078E-01  1.691093E+00
   407  4.878000E-01  2.883158E-02  2.545465E+00  4.892650E-02  1.171981E-01  1.681753E+00
   408  4.890000E-01  2.915376E-02  2.517494E+00  4.892961E-02  1.174885E-01  1.672488E+00
   409  4.902000E-01  2.947877E-02  2.489899E+00  4.893276E-02  1.177789E-01  1.663296E+00
   410  4.914000E-01  2.980661E-02  2.462673E+00  4.893595E-02  1.180693E-01  1.654177E+00
   411  4.926000E-01  3.013732E-02  2.435810E+00  4.893919E-02  1.183598E-01  1.645131E+00
   412  4.938000E-01  3.047091E-02  2.409304E+00  4.894246E-02  1.186503E-01  1.636155E+00
   413  4.950000E-01  3.080740E-02  2.383151E+00  4.894579E-02  1.189408E-01  1.627251E+00
   414  4.962000E-01  3.114680E-02  2.357344E+00  4.894916E-02  1.192314E-01  1.618416E+00
   415  4.974000E-01  3.148915E-02  2.331878E+00  4.895257E-02  1.195220E-01  1.609651E+00
   416  4.986000E-01  3.183444E-02  2.306749E+00  4.895603E-02  1.198127E-01  1.600954E+00
   417  4.998000E-01  3.218271E-02  2.281949E+00  4.895954E-02  1.201034E-01  1.592325E+00
   418  5.010000E-01  3.253398E-02  2.257475E+00  4.896309E-02  1.203941E-01  1.583763E+00
   419  5.022000E-01  3.288825E-02  2.233321E+00  4.896669E-02  1.206849E-01  1.575268E+00
   420  5.034000E-01  3.324556E-02  2.209483E+00  4.897034E-02  1.209757E-01  1.566838E+00
   421  5.046000E-01  3.360592E-02  2.185956E+00  4.897404E-02  1.212666E-01  1.558473E+00
   422  5.058000E-01  3.396936E-02  2.162734E+00  4.897778E-02  1.215575E-01  1.550173E+00
   423  5.070000E-01  3.433588E-02  2.139813E+00  4.898158E-02  1.218485E-01  1.541937E+00
   424  5.082000E-01  3.470551E-02  2.117189E+00  4.898543E-02  1.221395E-01  1.533764E+00
   425  5.094000E-01  3.507828E-02  2.094857E+00  4.898932E-02  1.224306E-01  1.525654E+00
   426  5.106000E-01  3.545420E-02  2.072813E+00  4.899327E-02  1.227217E-01  1.517605E+00
   427  5.118000E-01  3.583328E-02  2.051051E+00  4.899727E-02  1.230128E-01  1.509618E+00
   428  5.130000E-01  3.621556E-02  2.029569E+00  4.900132E-02  1.233041E-01  1.501691E+00
   429  5.142000E-01  3.660106E-02  2.008361E+00  4.900543E-02  1.235953E-01  1.493825E+00
   430  5.154000E-01  3.698978E-02  1.987424E+00  4.900959E-02  1.238866E-01  1.486018E+00
   431  5.166000E-01  3.738176E-02  1.966754E+00  4.901380E-02  1.241780E-01  1.478270E+00
   432  5.178000E-01  3.777701E-02  1.946346E+00  4.901807E-02  1.244694E-01  1.470580E+00
   433  5.190000E-01  3.817555E-02  1.926196E+00  4.902239E-02  1.247608E-01  1.462948E+00
   434  5.202000E-01  3.857741E-02  1.906301E+00  4.902677E-02  1.250523E-01  1.455374E+00
   435  5.214000E-01  3.898260E-02  1.886657E+00  4.903121E-02  1.253439E-01  1.447856E+00
   436  5.226000E-01  3.939116E-02  1.867261E+00  4.903570E-02  1.256355E-01  1.440394E+00
   437  5.238000E-01  3.980309E-02  1.848107E+00  4.904025E-02  1.259272E-01  1.432987E+00
   438  5.250000E-01  4.021842E-02  1.829194E+00  4.904486E-02  1.262189E-01  1.425636E+00
   439  5.262000E-01  4.063717E-02  1.810517E+00  4.904953E-02  1.265107E-01  1.418339E+00
   440  5.274000E-01  4.105937E-02  1.792073E+00  4.905425E-02  1.268025E-01  1.411096E+00
   441  5.286000E-01  4.148503E-02  1.773859E+00  4.905904E-02  1.270944E-01  1.403907E+00
   442  5.298000E-01  4.191417E-02  1.755870E+00  4.906389E-02  1.273864E-01  1.396770E+00
   443  5.310000E-01  4.234683E-02  1.738104E+00  4.906880E-02  1.276784E-01  1.389686E+00
   444  5.322000E-01  4.278301E-02  1.720558E+00  4.907377E-02  1.279705E-01  1.382654E+00
   445  5.334000E-01  4.322275E-02  1.703228E+00  4.907881E-02  1.282626E-01  1.375673E+00
   446  5.346000E-01  4.366606E-02  1.686112E+00  4.908390E-02  1.285548E-01  1.368743E+00
   447  5.358000E-01  4.411297E-02  1.669205E+00  4.908907E-02  1.288470E-01  1.361864E+00
   448  5.370000E-01  4.456350E-02  1.652506E+00  4.909429E-02  1.291393E-01  1.355034E+00
   449  5.382000E-01  4.501767E-02  1.636011E+00  4.909959E-02  1.294317E-01  1.348254E+00
   450  5.394000E-01  4.547550E-02  1.619716E+00  4.910494E-02  1.297242E-01  1.341523E+00
   451  5.406000E-01  4.593703E-02  1.603621E+00  4.911037E-02  1.300167E-01  1.334841E+00
   452  5.418000E-01  4.640226E-02  1.587720E+00  4.911586E-02  1.303092E-01  1.328207E+00
   453  5.430000E-01  4.687123E-02  1.572012E+00  4.912142E-02  1.306019E-01  1.321620E+00
   454  5.442000E-01  4.734396E-02  1.556494E+00  4.912705E-02  1.308946E-01  1.315081E+00
   455  5.454000E-01  4.782046E-02  1.541163E+00  4.913275E-02  1.311874E-01  1.308588E+00
   456  5.466000E-01  4.830077E-02  1.526017E+00  4.913852E-02  1.314802E-01  1.302142E+00
   457  5.478000E-01  4.878491E-02  1.511052E+00  4.914436E-02  1.317731E-01  1.295742E+00
   458  5.490000E-01  4.927290E-02  1.496267E+00  4.915028E-02  1.320661E-01  1.289387E+00
   459  5.502000E-01  4.976477E-02  1.481659E+00  4.915626E-02  1.323592E-01  1.283077E+00
   460  5.514000E-01  5.026054E-02  1.467224E+00  4.916232E-02  1.326523E-01  1.276812E+00
   461  5.526000E-01  5.076023E-02  1.452962E+00  4.916845E-02  1.329455E-01  1.270591E+00
   462  5.538000E-01  5.126387E-02  1.438869E+00  4.917466E-02  1.332388E-01  1.264414E+00
   463  5.550000E-01  5.177148E-02  1.424943E+00  4.918094E-02  1.335321E-01  1.258281E+00
   464  5.562000E-01  5.228309E-02  1.411182E+00  4.918730E-02  1.338255E-01  1.252190E+00
   465  5.574000E-01  5.279872E-02  1.397583E+00  4.919374E-02  1.341190E-01  1.246142E+00
   466  5.586000E-01  5.331839E-02  1.384145E+00  4.920025E-02  1.344126E-01  1.240137E+00
   467  5.598000E-01  5.384215E-02  1.370864E+00  4.920685E-02  1.347063E-01  1.234173E+00
   468  5.610000E-01  5.436999E-02  1.357739E+00  4.921352E-02  1.350000E-01  1.228251E+00
   469  5.622000E-01  5.490196E-02  1.344768E+00  4.922027E-02  1.352938E-01  1.222369E+00
   470  5.634000E-01  5.543808E-02  1.331948E+00  4.922711E-02  1.355877E-01  1.216529E+00
   471  5.646000E-01  5.597837E-02  1.319278E+00  4.923402E-02  1.358817E-01  1.210729E+00
   472  5.658000E-01  5.652287E-02  1.306755E+00  4.924102E-02  1.361758E-01  1.204969E+00
   473  5.670000E-01  5.707158E-02  1.294377E+00  4.924811E-02  1.364699E-01  1.199248E+00
   474  5.682000E-01  5.762455E-02  1.282143E+00  4.925527E-02  1.367641E-01  1.193567E+00
   475  5.694000E-01  5.818180E-02  1.270050E+00  4.926252E-02  1.370585E-01  1.187925E+00
   476  5.706000E-01  5.874335E-02  1.258096E+00  4.926986E-02  1.373529E-01  1.182322E+00
   477  5.718000E-01  5.930923E-02  1.246280E+00  4.927729E-02  1.376474E-01  1.176757E+00
   478  5.730000E-01  5.987947E-02  1.234600E+00  4.928480E-02  1.379420E-01  1.171229E+00
   479  5.742000E-01  6.045410E-02  1.223054E+00  4.929240E-02  1.382366E-01  1.165739E+00
   480  5.754000E-01  6.103313E-02  1.211639E+00  4.930009E-02  1.385314E-01  1.160287E+00
   481  5.766000E-01  6.161661E-02  1.200355E+00  4.930787E-02  1.388262E-01  1.154871E+00
   482  5.778000E-01  6.220455E-02  1.189200E+00  4.931575E-02  1.391212E-01  1.149492E+00
   483  5.790000E-01  6.279698E-02  1.178171E+00  4.932371E-02  1.394162E-01  1.144150E+00
   484  5.802000E-01  6.339394E-02  1.167267E+00  4.933177E-02  1.397114E-01  1.138843E+00
   485  5.814000E-01  6.399544E-02  1.156487E+00  4.933992E-02  1.400066E-01  1.133572E+00
   486  5.826000E-01  6.460152E-02  1.145828E+00  4.934817E-02  1.403020E-01  1.128336E+00
   487  5.838000E-01  6.521221E-02  1.135290E+00  4.935652E-02  1.405974E-01  1.123136E+00
   488  5.850000E-01  6.582753E-02  1.124870E+00  4.936496E-02  1.408929E-01  1.117970E+00
   489  5.862000E-01  6.644752E-02  1.114568E+00  4.937349E-02  1.411886E-01  1.112838E+00
   490  5.874000E-01  6.707219E-02  1.104380E+00  4.938213E-02  1.414843E-01  1.107741E+00
   491  5.886000E-01  6.770159E-02  1.094307E+00  4.939087E-02  1.417801E-01  1.102677E+00
   492  5.898000E-01  6.833573E-02  1.084346E+00  4.939971E-02  1.420761E-01  1.097647E+00
   493  5.910000E-01  6.897465E-02  1.074496E+00  4.940865E-02  1.423721E-01  1.092650E+00
   494  5.922000E-01  6.961839E-02  1.064755E+00  4.941769E-02  1.426683E-01  1.087686E+00
   495  5.934000E-01  7.026696E-02  1.055123E+00  4.942683E-02  1.429646E-01  1.082755E+00
   496  5.946000E-01  7.092039E-02  1.045597E+00  4.943609E-02  1.432609E-01  1.077856E+00
   497  5.958000E-01  7.157873E-02  1.036176E+00  4.944544E-02  1.435574E-01  1.072990E+00
   498  5.970000E-01  7.224199E-02  1.026859E+00  4.945491E-02  1.438540E-01  1.068155E+00
   499  5.982000E-01  7.291021E-02  1.017645E+00  4.946448E-02  1.441507E-01  1.063352E+00
   500  5.994000E-01  7.358342E-02  1.008532E+00  4.947416E-02  1.444476E-01  1.058580E+00
   501  6.006000E-01  7.426165E-02  9.995189E-01  4.948395E-02  1.447445E-01  1.053839E+00
   502  6.018000E-01  7.494494E-02  9.906043E-01  4.949385E-02  1.450416E-01  1.049129E+00
   503  6.030000E-01  7.563330E-02  9.817871E-01  4.950386E-02  1.453387E-01  1.044449E+00
   504  6.042000E-01  7.632678E-02  9.730659E-01  4.951399E-02  1.456360E-01  1.039800E+00
   505  6.054000E-01  7.702540E-02  9.644396E-01  4.952423E-02  1.459335E-01  1.035181E+00
   506  6.066000E-01  7.772920E-02  9.559069E-01  4.953459E-02  1.462310E-01  1.030591E+00
   507  6.078000E-01  7.843821E-02  9.474667E-01  4.954506E-02  1.465287E-01  1.026031E+00
   508  6.090000E-01  7.915246E-02  9.391176E-01  4.955565E-02  1.468265E-01  1.021501E+00
   509  6.102000E-01  7.987199E-02  9.308587E-01  4.956636E-02  1.471244E-01  1.016999E+00
   510  6.114000E-01  8.059682E-02  9.226887E-01  4.957718E-02  1.474224E-01  1.012526E+00
   511  6.126000E-01  8.132700E-02  9.146066E-01  4.958813E-02  1.477206E-01  1.008082E+00
   512  6.138000E-01  8.206254E-02  9.066111E-01  4.959921E-02  1.480189E-01  1.003666E+00
   513  6.150000E-01  8.280350E-02  8.987013E-01  4.961040E-02  1.483173E-01  9.992782E-01
   514  6.162000E-01  8.354989E-02  8.908759E-01  4.962172E-02  1.486159E-01  9.949181E-01
   515  6.174000E-01  8.430176E-02  8.831341E-01  4.963316E-02  1.489146E-01  9.905857E-01
   516  6.186000E-01  8.505913E-02  8.754746E-01  4.964474E-02  1.492134E-01  9.862806E-01
   517  6.198000E-01  8.582205E-02  8.678965E-01  4.965644E-02  1.495124E-01  9.820028E-01
   518  6.210000E-01  8.659054E-02  8.603988E-01  4.966827E-02  1.498115E-01  9.777518E-01
   519  6.222000E-01  8.736465E-02  8.529805E-01  4.968022E-02  1.501108E-01  9.735276E-01
   520  6.234000E-01  8.814440E-02  8.456405E-01  4.969232E-02  1.504102E-01  9.693299E-01
   521  6.246000E-01  8.892984E-02  8.383779E-01  4.970454E-02  1.507097E-01  9.651585E-01
   522  6.258000E-01  8.972099E-02  8.311918E-01  4.971690E-02  1.510094E-01  9.610132E-01
   523  6.270000E-01  9.051790E-02  8.240811E-01  4.972939E-02  1.513092E-01  9.568937E-01
   524  6.282000E-01  9.132060E-02  8.170450E-01  4.974202E-02  1.516092E-01  9.527999E-01
   525  6.294000E-01  9.212912E-02  8.100825E-01  4.975479E-02  1.519093E-01  9.487316E-01
   526  6.306000E-01  9.294351E-02  8.031928E-01  4.976770E-02  1.522096E-01  9.446885E-01
   527  6.318000E-01  9.376380E-02  7.963748E-01  4.978075E-02  1.525100E-01  9.406704E-01
   528  6.330000E-01  9.459002E-02  7.896278E-01  4.979394E-02  1.528106E-01  9.366772E-01
   529  6.342000E-01  9.542222E-02  7.829509E-01  4.980727E-02  1.531114E-01  9.327086E-01
   530  6.354000E-01  9.626043E-02  7.763433E-01  4.982075E-02  1.534123E-01  9.287645E-01
   531  6.366000E-01  9.710469E-02  7.698039E-01  4.983438E-02  1.537133E-01  9.248447E-01
   532  6.378000E-01  9.795503E-02  7.633322E-01  4.984815E-02  1.540146E-01  9.209489E-01
   533  6.390000E-01  9.881151E-02  7.569271E-01  4.986207E-02  1.543159E-01  9.170769E-01
   534  6.402000E-01  9.967414E-02  7.505880E-01  4.987614E-02  1.546175E-01  9.132287E-01
   535  6.414000E-01  1.005430E-01  7.443140E-01  4.989036E-02  1.549192E-01  9.094039E-01
   536  6.426000E-01  1.014181E-01  7.381043E-01  4.990474E-02  1.552211E-01  9.056025E-01
   537  6.438000E-01  1.022994E-01  7.319581E-01  4.991927E-02  1.555231E-01  9.018241E-01
   538  6.450000E-01  1.031871E-01  7.258748E-01  4.993396E-02  1.558254E-01  8.980687E-01
   539  6.462000E-01  1.040812E-01  7.198534E-01  4.994880E-02  1.561278E-01  8.943361E-01
   540  6.474000E-01  1.049817E-01  7.138934E-01  4.996380E-02  1.564303E-01  8.906261E-01
   541  6.486000E-01  1.058886E-01  7.079939E-01  4.997896E-02  1.567331E-01  8.869384E-01
   542  6.498000E-01  1.068019E-01  7.021542E-01  4.999429E-02  1.570360E-01  8.832730E-01
   543  6.510000E-01  1.077219E-01  6.963736E-01  5.000977E-02  1.573391E-01  8.796297E-01
   544  6.522000E-01  1.086484E-01  6.906514E-01  5.002543E-02  1.576424E-01  8.760082E-01
   545  6.534000E-01  1.095815E-01  6.849870E-01  5.004124E-02  1.579459E-01  8.724085E-01
   546  6.546000E-01  1.105212E-01  6.793795E-01  5.005723E-02  1.582496E-01  8.688303E-01
   547  6.558000E-01  1.114677E-01  6.738285E-01  5.007339E-02  1.585534E-01  8.652735E-01
   548  6.570000E-01  1.124209E-01  6.683331E-01  5.008971E-02  1.588574E-01  8.617379E-01
   549  6.582000E-01  1.133808E-01  6.628927E-01  5.010621E-02  1.591617E-01  8.582234E-01
   550  6.594000E-01  1.143476E-01  6.575067E-01  5.012288E-02  1.594661E-01  8.547297E-01
   551  6.606000E-01  1.153213E-01  6.521744E-01  5.013973E-02  1.597707E-01  8.512568E-01
   552  6.618000E-01  1.163019E-01  6.468953E-01  5.015676E-02  1.600755E-01  8.478045E-01
   553  6.630000E-01  1.172894E-01  6.416686E-01  5.017396E-02  1.603805E-01  8.443726E-01
   554  6.642000E-01  1.182840E-01  6.364938E-01  5.019135E-02  1.606858E-01  8.409609E-01
   555  6.654000E-01  1.192856E-01  6.313702E-01  5.020892E-02  1.609912E-01  8.375694E-01
   556  6.666000E-01  1.202943E-01  6.262974E-01  5.022667E-02  1.612968E-01  8.341978E-01
   557  6.678000E-01  1.213102E-01  6.212746E-01  5.024461E-02  1.616026E-01  8.308460E-01
   558  6.690000E-01  1.223332E-01  6.163013E-01  5.026273E-02  1.619087E-01  8.275138E-01
   559  6.702000E-01  1.233635E-01  6.113769E-01  5.028105E-02  1.622149E-01  8.242012E-01
   560  6.714000E-01  1.244010E-01  6.065009E-01  5.029955E-02  1.625214E-01  8.209079E-01
   561  6.726000E-01  1.254459E-01  6.016726E-01  5.031825E-02  1.628281E-01  8.176338E-01
   562  6.738000E-01  1.264982E-01  5.968916E-01  5.033714E-02  1.631350E-01  8.143788E-01
   563  6.750000E-01  1.275579E-01  5.921573E-01  5.035623E-02  1.634421E-01  8.111427E-01
   564  6.762000E-01  1.286251E-01  5.874692E-01  5.037551E-02  1.637495E-01  8.079254E-01
   565  6.774000E-01  1.296998E-01  5.828267E-01  5.039500E-02  1.640570E-01  8.047268E-01
   566  6.786000E-01  1.307821E-01  5.782293E-01  5.041469E-02  1.643648E-01  8.015466E-01
   567  6.798000E-01  1.318720E-01  5.736765E-01  5.043458E-02  1.646728E-01  7.983848E-01
   568  6.810000E-01  1.329696E-01  5.691678E-01  5.045468E-02  1.649811E-01  7.952413E-01
   569  6.822000E-01  1.340749E-01  5.647027E-01  5.047498E-02  1.652896E-01  7.921158E-01
   570  6.834000E-01  1.351880E-01  5.602807E-01  5.049549E-02  1.655983E-01  7.890083E-01
   571  6.846000E-01  1.363090E-01  5.559013E-01  5.051621E-02  1.659073E-01  7.859186E-01
   572  6.858000E-01  1.374378E-01  5.515639E-01  5.053715E-02  1.662165E-01  7.828466E-01
   573  6.870000E-01  1.385746E-01  5.472683E-01  5.055830E-02  1.665259E-01  7.797921E-01
   574  6.882000E-01  1.397193E-01  5.430138E-01  5.057967E-02  1.668356E-01  7.767552E-01
   575  6.894000E-01  1.408721E-01  5.388000E-01  5.060126E-02  1.671456E-01  7.737355E-01
   576  6.906000E-01  1.420330E-01  5.346264E-01  5.062307E-02  1.674557E-01  7.707330E-01
   577  6.918000E-01  1.432021E-01  5.304926E-01  5.064510E-02  1.677662E-01  7.677475E-01
   578  6.930000E-01  1.443794E-01  5.263982E-01  5.066735E-02  1.680769E-01  7.647790E-01
   579  6.942000E-01  1.455649E-01  5.223427E-01  5.068984E-02  1.683878E-01  7.618272E-01
   580  6.954000E-01  1.467587E-01  5.183257E-01  5.071255E-02  1.686990E-01  7.588922E-01
   581  6.966000E-01  1.479610E-01  5.143467E-01  5.073549E-02  1.690105E-01  7.559737E-01
   582  6.978000E-01  1.491716E-01  5.104053E-01  5.075867E-02  1.693222E-01  7.530717E-01
   583  6.990000E-01  1.503908E-01  5.065012E-01  5.078208E-02  1.696342E-01  7.501860E-01
   584  7.002000E-01  1.516185E-01  5.026338E-01  5.080573E-02  1.699465E-01  7.473165E-01
   585  7.014000E-01  1.528549E-01  4.988028E-01  5.082962E-02  1.702591E-01  7.444631E-01
   586  7.026000E-01  1.540999E-01  4.950078E-01  5.085375E-02  1.705719E-01  7.416257E-01
   587  7.038000E-01  1.553536E-01  4.912484E-01  5.087813E-02  1.708850E-01  7.388041E-01
   588  7.050000E-01  1.566161E-01  4.875241E-01  5.090275E-02  1.711983E-01  7.359983E-01
   589  7.062000E-01  1.578875E-01  4.838347E-01  5.092762E-02  1.715120E-01  7.332081E-01
   590  7.074000E-01  1.591677E-01  4.801797E-01  5.095274E-02  1.718259E-01  7.304334E-01
   591  7.086000E-01  1.604570E-01  4.765587E-01  5.097811E-02  1.721402E-01  7.276741E-01
   592  7.098000E-01  1.617553E-01  4.729714E-01  5.100374E-02  1.724547E-01  7.249302E-01
   593  7.110000E-01  1.630627E-01  4.694174E-01  5.102963E-02  1.727695E-01  7.222014E-01
   594  7.122000E-01  1.643792E-01  4.658963E-01  5.105578E-02  1.730846E-01  7.194877E-01
   595  7.134000E-01  1.657050E-01  4.624078E-01  5.108219E-02  1.734000E-01  7.167890E-01
   596  7.146000E-01  1.670401E-01  4.589516E-01  5.110886E-02  1.737157E-01  7.141051E-01
   597  7.158000E-01  1.683845E-01  4.555272E-01  5.113581E-02  1.740317E-01  7.114361E-01
   598  7.170000E-01  1.697383E-01  4.521343E-01  5.116302E-02  1.743481E-01  7.087817E-01
   599  7.182000E-01  1.711017E-01  4.487727E-01  5.119050E-02  1.746647E-01  7.061418E-01
   600  7.194000E-01  1.724746E-01  4.454419E-01  5.121826E-02  1.749816E-01  7.035164E-01
   601  7.206000E-01  1.738571E-01  4.421416E-01  5.124630E-02  1.752989E-01  7.009054E-01
   602  7.218000E-01  1.752493E-01  4.388715E-01  5.127461E-02  1.756165E-01  6.983086E-01
   603  7.230000E-01  1.766513E-01  4.356312E-01  5.130321E-02  1.759344E-01  6.957260E-01
   604  7.242000E-01  1.780631E-01  4.324205E-01  5.133210E-02  1.762526E-01  6.931574E-01
   605  7.254000E-01  1.794848E-01  4.292391E-01  5.136127E-02  1.765711E-01  6.906028E-01
   606  7.266000E-01  1.809165E-01  4.260865E-01  5.139073E-02  1.768900E-01  6.880621E-01
   607  7.278000E-01  1.823583E-01  4.229626E-01  5.142048E-02  1.772092E-01  6.855351E-01
   608  7.290000E-01  1.838102E-01  4.198669E-01  5.145053E-02  1.775288E-01  6.830218E-01
   609  7.302000E-01  1.852722E-01  4.167993E-01  5.148088E-02  1.778486E-01  6.805221E-01
   610  7.314000E-01  1.867445E-01  4.137594E-01  5.151153E-02  1.781689E-01  6.780358E-01
   611  7.326000E-01  1.882272E-01  4.107468E-01  5.154248E-02  1.784894E-01  6.755630E-01
   612  7.338000E-01  1.897203E-01  4.077614E-01  5.157374E-02  1.788104E-01  6.731034E-01
   613  7.350000E-01  1.912239E-01  4.048029E-01  5.160531E-02  1.791316E-01  6.706571E-01
   614  7.362000E-01  1.927380E-01  4.018708E-01  5.163719E-02  1.794533E-01  6.682239E-01
   615  7.374000E-01  1.942628E-01  3.989651E-01  5.166939E-02  1.797753E-01  6.658037E-01
   616  7.386000E-01  1.957983E-01  3.960853E-01  5.170190E-02  1.800976E-01  6.633964E-01
   617  7.398000E-01  1.973447E-01  3.932313E-01  5.173473E-02  1.804203E-01  6.610020E-01
   618  7.410000E-01  1.989019E-01  3.904027E-01  5.176789E-02  1.807434E-01  6.586204E-01
   619  7.422000E-01  2.004701E-01  3.875993E-01  5.180137E-02  1.810668E-01  6.562514E-01
   620  7.434000E-01  2.020493E-01  3.848209E-01  5.183519E-02  1.813907E-01  6.538950E-01
   621  7.446000E-01  2.036397E-01  3.820670E-01  5.186934E-02  1.817149E-01  6.515511E-01
   622  7.458000E-01  2.052413E-01  3.793376E-01  5.190382E-02  1.820394E-01  6.492197E-01
   623  7.470000E-01  2.068541E-01  3.766324E-01  5.193864E-02  1.823644E-01  6.469006E-01
   624  7.482000E-01  2.084784E-01  3.739510E-01  5.197380E-02  1.826897E-01  6.445937E-01
   625  7.494000E-01  2.101141E-01  3.712933E-01  5.200931E-02  1.830155E-01  6.422990E-01
   626  7.506000E-01  2.117614E-01  3.686590E-01  5.204517E-02  1.833416E-01  6.400165E-01
   627  7.518000E-01  2.134204E-01  3.660479E-01  5.208138E-02  1.836682E-01  6.377459E-01
   628  7.530000E-01  2.150910E-01  3.634596E-01  5.211794E-02  1.839951E-01  6.354872E-01
   629  7.542000E-01  2.167735E-01  3.608941E-01  5.215486E-02  1.843224E-01  6.332404E-01
   630  7.554000E-01  2.184679E-01  3.583511E-01  5.219214E-02  1.846502E-01  6.310054E-01
   631  7.566000E-01  2.201744E-01  3.558302E-01  5.222979E-02  1.849783E-01  6.287821E-01
   632  7.578000E-01  2.218929E-01  3.533314E-01  5.226781E-02  1.853069E-01  6.265703E-01
   633  7.590000E-01  2.236236E-01  3.508543E-01  5.230619E-02  1.856359E-01  6.243702E-01
   634  7.602000E-01  2.253665E-01  3.483988E-01  5.234495E-02  1.859653E-01  6.221814E-01
   635  7.614000E-01  2.271219E-01  3.459646E-01  5.238409E-02  1.862952E-01  6.200041E-01
   636  7.626000E-01  2.288897E-01  3.435515E-01  5.242361E-02  1.866254E-01  6.178381E-01
   637  7.638000E-01  2.306702E-01  3.411594E-01  5.246352E-02  1.869562E-01  6.156833E-01
   638  7.650000E-01  2.324632E-01  3.387879E-01  5.250382E-02  1.872873E-01  6.135397E-01
   639  7.662000E-01  2.342691E-01  3.364369E-01  5.254451E-02  1.876189E-01  6.114072E-01
   640  7.674000E-01  2.360878E-01  3.341061E-01  5.258559E-02  1.879509E-01  6.092857E-01
   641  7.686000E-01  2.379195E-01  3.317955E-01  5.262707E-02  1.882834E-01  6.071751E-01
   642  7.698000E-01  2.397643E-01  3.295046E-01  5.266896E-02  1.886163E-01  6.050754E-01
   643  7.710000E-01  2.416222E-01  3.272335E-01  5.271126E-02  1.889497E-01  6.029865E-01
   644  7.722000E-01  2.434935E-01  3.249818E-01  5.275396E-02  1.892835E-01  6.009084E-01
   645  7.734000E-01  2.453781E-01  3.227494E-01  5.279708E-02  1.896179E-01  5.988409E-01
   646  7.746000E-01  2.472762E-01  3.205360E-01  5.284062E-02  1.899526E-01  5.967840E-01
   647  7.758000E-01  2.491879E-01  3.183416E-01  5.288459E-02  1.902879E-01  5.947376E-01
   648  7.770000E-01  2.511134E-01  3.161658E-01  5.292898E-02  1.906236E-01  5.927017E-01
   649  7.782000E-01  2.530526E-01  3.140086E-01  5.297379E-02  1.909598E-01  5.906762E-01
   650  7.794000E-01  2.550058E-01  3.118696E-01  5.301905E-02  1.912965E-01  5.886610E-01
   651  7.806000E-01  2.569731E-01  3.097488E-01  5.306474E-02  1.916337E-01  5.866561E-01
   652  7.818000E-01  2.589545E-01  3.076460E-01  5.311088E-02  1.919714E-01  5.846613E-01
   653  7.830000E-01  2.609502E-01  3.055610E-01  5.315746E-02  1.923095E-01  5.826767E-01
   654  7.842000E-01  2.629603E-01  3.034935E-01  5.320450E-02  1.926482E-01  5.807022E-01
   655  7.854000E-01  2.649849E-01  3.014435E-01  5.325198E-02  1.929874E-01  5.787376E-01
   656  7.866000E-01  2.670241E-01  2.994108E-01  5.329993E-02  1.933270E-01  5.767830E-01
   657  7.878000E-01  2.690781E-01  2.973952E-01  5.334835E-02  1.936672E-01  5.748383E-01
   658  7.890000E-01  2.711470E-01  2.953964E-01  5.339723E-02  1.940079E-01  5.729033E-01
   659  7.902000E-01  2.732308E-01  2.934145E-01  5.344658E-02  1.943492E-01  5.709781E-01
   660  7.914000E-01  2.753298E-01  2.914491E-01  5.349641E-02  1.946909E-01  5.690626E-01
   661  7.926000E-01  2.774441E-01  2.895001E-01  5.354673E-02  1.950332E-01  5.671568E-01
   662  7.938000E-01  2.795737E-01  2.875675E-01  5.359752E-02  1.953760E-01  5.652604E-01
   663  7.950000E-01  2.817188E-01  2.856509E-01  5.364881E-02  1.957194E-01  5.633736E-01
   664  7.962000E-01  2.838796E-01  2.837503E-01  5.370060E-02  1.960633E-01  5.614963E-01
   665  7.974000E-01  2.860561E-01  2.818655E-01  5.375289E-02  1.964077E-01  5.596283E-01
   666  7.986000E-01  2.882485E-01  2.799963E-01  5.380568E-02  1.967527E-01  5.577696E-01
   667  7.998000E-01  2.904570E-01  2.781426E-01  5.385898E-02  1.970983E-01  5.559202E-01
   668  8.010000E-01  2.926817E-01  2.763043E-01  5.391279E-02  1.974444E-01  5.540801E-01
   669  8.022000E-01  2.949226E-01  2.744811E-01  5.396712E-02  1.977911E-01  5.522490E-01
   670  8.034000E-01  2.971800E-01  2.726730E-01  5.402198E-02  1.981384E-01  5.504271E-01
   671  8.046000E-01  2.994541E-01  2.708798E-01  5.407737E-02  1.984862E-01  5.486142E-01
   672  8.058000E-01  3.017448E-01  2.691014E-01  5.413329E-02  1.988346E-01  5.468103E-01
   673  8.070000E-01  3.040525E-01  2.673375E-01  5.418975E-02  1.991836E-01  5.450153E-01
   674  8.082000E-01  3.063771E-01  2.655882E-01  5.424676E-02  1.995332E-01  5.432292E-01
   675  8.094000E-01  3.087190E-01  2.638532E-01  5.430432E-02  1.998833E-01  5.414519E-01
   676  8.106000E-01  3.110781E-01  2.621324E-01  5.436243E-02  2.002341E-01  5.396834E-01
   677  8.118000E-01  3.134548E-01  2.604256E-01  5.442110E-02  2.005855E-01  5.379236E-01
   678  8.130000E-01  3.158491E-01  2.587328E-01  5.448034E-02  2.009374E-01  5.361724E-01
   679  8.142000E-01  3.182611E-01  2.570538E-01  5.454014E-02  2.012900E-01  5.344298E-01
   680  8.154000E-01  3.206912E-01  2.553884E-01  5.460053E-02  2.016432E-01  5.326958E-01
   681  8.166000E-01  3.231393E-01  2.537366E-01  5.466150E-02  2.019971E-01  5.309703E-01
   682  8.178000E-01  3.256057E-01  2.520981E-01  5.472305E-02  2.023515E-01  5.292533E-01
   683  8.190000E-01  3.280905E-01  2.504730E-01  5.478520E-02  2.027066E-01  5.275446E-01
   684  8.202000E-01  3.305939E-01  2.488610E-01  5.484795E-02  2.030623E-01  5.258443E-01
   685  8.214000E-01  3.331161E-01  2.472621E-01  5.491130E-02  2.034187E-01  5.241523E-01
   686  8.226000E-01  3.356571E-01  2.456760E-01  5.497527E-02  2.037757E-01  5.224685E-01
   687  8.238000E-01  3.382173E-01  2.441027E-01  5.503985E-02  2.041334E-01  5.207929E-01
   688  8.250000E-01  3.407968E-01  2.425421E-01  5.510505E-02  2.044917E-01  5.191254E-01
   689  8.262000E-01  3.433957E-01  2.409941E-01  5.517088E-02  2.048507E-01  5.174661E-01
   690  8.274000E-01  3.460143E-01  2.394584E-01  5.523735E-02  2.052103E-01  5.158148E-01
   691  8.286000E-01  3.486526E-01  2.379351E-01  5.530446E-02  2.055706E-01  5.141715E-01
   692  8.298000E-01  3.513109E-01  2.364240E-01  5.537222E-02  2.059316E-01  5.125361E-01
   693  8.310000E-01  3.539894E-01  2.349249E-01  5.544063E-02  2.062933E-01  5.109087E-01
   694  8.322000E-01  3.566883E-01  2.334379E-01  5.550970E-02  2.066557E-01  5.092891E-01
   695  8.334000E-01  3.594077E-01  2.319626E-01  5.557944E-02  2.070187E-01  5.076773E-01
   696  8.346000E-01  3.621478E-01  2.304992E-01  5.564985E-02  2.073825E-01  5.060733E-01
   697  8.358000E-01  3.649089E-01  2.290473E-01  5.572094E-02  2.077470E-01  5.044770E-01
   698  8.370000E-01  3.676910E-01  2.276070E-01  5.579271E-02  2.081121E-01  5.028884E-01
   699  8.382000E-01  3.704945E-01  2.261782E-01  5.586518E-02  2.084780E-01  5.013073E-01
   700  8.394000E-01  3.733196E-01  2.247606E-01  5.593835E-02  2.088446E-01  4.997339E-01
   701  8.406000E-01  3.761663E-01  2.233543E-01  5.601223E-02  2.092119E-01  4.981680E-01
   702  8.418000E-01  3.790350E-01  2.219590E-01  5.608682E-02  2.095800E-01  4.966096E-01
   703  8.430000E-01  3.819258E-01  2.205748E-01  5.616213E-02  2.099488E-01  4.950587E-01
   704  8.442000E-01  3.848389E-01  2.192015E-01  5.623817E-02  2.103183E-01  4.935151E-01
   705  8.454000E-01  3.877746E-01  2.178390E-01  5.631494E-02  2.106886E-01  4.919789E-01
   706  8.466000E-01  3.907331E-01  2.164872E-01  5.639246E-02  2.110596E-01  4.904501E-01
   707  8.478000E-01  3.937146E-01  2.151460E-01  5.647073E-02  2.114314E-01  4.889285E-01
   708  8.490000E-01  3.967193E-01  2.138153E-01  5.654975E-02  2.118039E-01  4.874141E-01
   709  8.502000E-01  3.997474E-01  2.124950E-01  5.662955E-02  2.121772E-01  4.859069E-01
   710  8.514000E-01  4.027992E-01  2.111851E-01  5.671011E-02  2.125513E-01  4.844069E-01
   711  8.526000E-01  4.058749E-01  2.098853E-01  5.679145E-02  2.129262E-01  4.829140E-01
   712  8.538000E-01  4.089747E-01  2.085958E-01  5.687358E-02  2.133019E-01  4.814281E-01
   713  8.550000E-01  4.120989E-01  2.073162E-01  5.695651E-02  2.136783E-01  4.799493E-01
   714  8.562000E-01  4.152476E-01  2.060466E-01  5.704024E-02  2.140556E-01  4.784774E-01
   715  8.574000E-01  4.184213E-01  2.047869E-01  5.712479E-02  2.144336E-01  4.770125E-01
   716  8.586000E-01  4.216200E-01  2.035369E-01  5.721015E-02  2.148125E-01  4.755545E-01
   717  8.598000E-01  4.248440E-01  2.022967E-01  5.729635E-02  2.151921E-01  4.741034E-01
   718  8.610000E-01  4.280937E-01  2.010660E-01  5.738338E-02  2.155726E-01  4.726591E-01
   719  8.622000E-01  4.313692E-01  1.998448E-01  5.747125E-02  2.159539E-01  4.712216E-01
   720  8.634000E-01  4.346707E-01  1.986331E-01  5.755998E-02  2.163361E-01  4.697908E-01
   721  8.646000E-01  4.379987E-01  1.974307E-01  5.764958E-02  2.167191E-01  4.683667E-01
   722  8.658000E-01  4.413533E-01  1.962375E-01  5.774004E-02  2.171029E-01  4.669493E-01
   723  8.670000E-01  4.447348E-01  1.950535E-01  5.783139E-02  2.174876E-01  4.655385E-01
   724  8.682000E-01  4.481434E-01  1.938787E-01  5.792362E-02  2.178731E-01  4.641344E-01
   725  8.694000E-01  4.515795E-01  1.927128E-01  5.801676E-02  2.182595E-01  4.627367E-01
   726  8.706000E-01  4.550433E-01  1.915558E-01  5.811080E-02  2.186467E-01  4.613456E-01
   727  8.718000E-01  4.585351E-01  1.904077E-01  5.820576E-02  2.190349E-01  4.599610E-01
   728  8.730000E-01  4.620552E-01  1.892684E-01  5.830164E-02  2.194239E-01  4.585829E-01
   729  8.742000E-01  4.656039E-01  1.881378E-01  5.839846E-02  2.198138E-01  4.572111E-01
   730  8.754000E-01  4.691815E-01  1.870158E-01  5.849623E-02  2.202046E-01  4.558457E-01
   731  8.766000E-01  4.727882E-01  1.859023E-01  5.859495E-02  2.205963E-01  4.544866E-01
   732  8.778000E-01  4.764245E-01  1.847973E-01  5.869464E-02  2.209889E-01  4.531339E-01
   733  8.790000E-01  4.800905E-01  1.837007E-01  5.879530E-02  2.213824E-01  4.517874E-01
   734  8.802000E-01  4.837866E-01  1.826124E-01  5.889695E-02  2.217768E-01  4.504472E-01
   735  8.814000E-01  4.875131E-01  1.815323E-01  5.899959E-02  2.221721E-01  4.491131E-01
   736  8.826000E-01  4.912703E-01  1.804605E-01  5.910324E-02  2.225684E-01  4.477852E-01
   737  8.838000E-01  4.950586E-01  1.793967E-01  5.920790E-02  2.229656E-01  4.464635E-01
   738  8.850000E-01  4.988782E-01  1.783409E-01  5.931360E-02  2.233638E-01  4.451478E-01
   739  8.862000E-01  5.027296E-01  1.772931E-01  5.942033E-02  2.237629E-01  4.438382E-01
   740  8.874000E-01  5.066130E-01  1.762532E-01  5.952810E-02  2.241629E-01  4.425346E-01
   741  8.886000E-01  5.105288E-01  1.752211E-01  5.963694E-02  2.245639E-01  4.412370E-01
   742  8.898000E-01  5.144774E-01  1.741967E-01  5.974685E-02  2.249659E-01  4.399454E-01
   743  8.910000E-01  5.184590E-01  1.731801E-01  5.985784E-02  2.253688E-01  4.386596E-01
   744  8.922000E-01  5.224741E-01  1.721710E-01  5.996993E-02  2.257728E-01  4.373798E-01
   745  8.934000E-01  5.265229E-01  1.711695E-01  6.008311E-02  2.261777E-01  4.361059E-01
   746  8.946000E-01  5.306059E-01  1.701755E-01  6.019742E-02  2.265836E-01  4.348378E-01
   747  8.958000E-01  5.347235E-01  1.691889E-01  6.031285E-02  2.269905E-01  4.335754E-01
   748  8.970000E-01  5.388760E-01  1.682097E-01  6.042943E-02  2.273984E-01  4.323189E-01
   749  8.982000E-01  5.430637E-01  1.672377E-01  6.054715E-02  2.278073E-01  4.310681E-01
   750  8.994000E-01  5.472872E-01  1.662730E-01  6.066604E-02  2.282173E-01  4.298229E-01
   751  9.006000E-01  5.515467E-01  1.653154E-01  6.078611E-02  2.286283E-01  4.285835E-01
   752  9.018000E-01  5.558426E-01  1.643650E-01  6.090737E-02  2.290402E-01  4.273497E-01
   753  9.030000E-01  5.601755E-01  1.634216E-01  6.102983E-02  2.294533E-01  4.261215E-01
   754  9.042000E-01  5.645456E-01  1.624851E-01  6.115351E-02  2.298674E-01  4.248988E-01
   755  9.054000E-01  5.689534E-01  1.615556E-01  6.127841E-02  2.302825E-01  4.236818E-01
   756  9.066000E-01  5.733993E-01  1.606330E-01  6.140455E-02  2.306987E-01  4.224702E-01
   757  9.078000E-01  5.778837E-01  1.597171E-01  6.153195E-02  2.311159E-01  4.212641E-01
   758  9.090000E-01  5.824071E-01  1.588081E-01  6.166062E-02  2.315343E-01  4.200635E-01
   759  9.102000E-01  5.869699E-01  1.579056E-01  6.179057E-02  2.319537E-01  4.188684E-01
   760  9.114000E-01  5.915726E-01  1.570099E-01  6.192182E-02  2.323741E-01  4.176786E-01
   761  9.126000E-01  5.962155E-01  1.561207E-01  6.205438E-02  2.327957E-01  4.164942E-01
   762  9.138000E-01  6.008992E-01  1.552380E-01  6.218826E-02  2.332184E-01  4.153151E-01
   763  9.150000E-01  6.056242E-01  1.543618E-01  6.232347E-02  2.336422E-01  4.141414E-01
   764  9.162000E-01  6.103908E-01  1.534920E-01  6.246005E-02  2.340670E-01  4.129729E-01
   765  9.174000E-01  6.151995E-01  1.526285E-01  6.259799E-02  2.344930E-01  4.118097E-01
   766  9.186000E-01  6.200510E-01  1.517713E-01  6.273731E-02  2.349202E-01  4.106517E-01
   767  9.198000E-01  6.249455E-01  1.509204E-01  6.287803E-02  2.353484E-01  4.094989E-01
   768  9.210000E-01  6.298837E-01  1.500757E-01  6.302017E-02  2.357778E-01  4.083513E-01
   769  9.222000E-01  6.348661E-01  1.492372E-01  6.316373E-02  2.362083E-01  4.072088E-01
   770  9.234000E-01  6.398930E-01  1.484047E-01  6.330874E-02  2.366400E-01  4.060715E-01
   771  9.246000E-01  6.449652E-01  1.475782E-01  6.345521E-02  2.370729E-01  4.049392E-01
   772  9.258000E-01  6.500831E-01  1.467578E-01  6.360315E-02  2.375069E-01  4.038120E-01
   773  9.270000E-01  6.552472E-01  1.459432E-01  6.375259E-02  2.379421E-01  4.026899E-01
   774  9.282000E-01  6.604580E-01  1.451346E-01  6.390354E-02  2.383784E-01  4.015727E-01
   775  9.294000E-01  6.657162E-01  1.443318E-01  6.405602E-02  2.388160E-01  4.004606E-01
   776  9.306000E-01  6.710223E-01  1.435348E-01  6.421004E-02  2.392547E-01  3.993534E-01
   777  9.318000E-01  6.763768E-01  1.427435E-01  6.436562E-02  2.396946E-01  3.982511E-01
   778  9.330000E-01  6.817804E-01  1.419580E-01  6.452277E-02  2.401357E-01  3.971537E-01
   779  9.342000E-01  6.872336E-01  1.411780E-01  6.468153E-02  2.405781E-01  3.960612E-01
   780  9.354000E-01  6.927370E-01  1.404037E-01  6.484189E-02  2.410216E-01  3.949736E-01
   781  9.366000E-01  6.982912E-01  1.396349E-01  6.500389E-02  2.414664E-01  3.938907E-01
   782  9.378000E-01  7.038968E-01  1.388717E-01  6.516754E-02  2.419124E-01  3.928127E-01
   783  9.390000E-01  7.095544E-01  1.381139E-01  6.533286E-02  2.423597E-01  3.917395E-01
   784  9.402000E-01  7.152647E-01  1.373615E-01  6.549987E-02  2.428082E-01  3.906710E-01
   785  9.414000E-01  7.210283E-01  1.366144E-01  6.566858E-02  2.432579E-01  3.896072E-01
   786  9.426000E-01  7.268459E-01  1.358727E-01  6.583902E-02  2.437089E-01  3.885482E-01
   787  9.438000E-01  7.327181E-01  1.351363E-01  6.601120E-02  2.441612E-01  3.874938E-01
   788  9.450000E-01  7.386455E-01  1.344051E-01  6.618515E-02  2.446147E-01  3.864440E-01
   789  9.462000E-01  7.446289E-01  1.336791E-01  6.636089E-02  2.450695E-01  3.853989E-01
   790  9.474000E-01  7.506690E-01  1.329583E-01  6.653843E-02  2.455256E-01  3.843584E-01
   791  9.486000E-01  7.567664E-01  1.322425E-01  6.671780E-02  2.459830E-01  3.833225E-01
   792  9.498000E-01  7.629218E-01  1.315319E-01  6.689901E-02  2.464417E-01  3.822911E-01
   793  9.510000E-01  7.691360E-01  1.308262E-01  6.708210E-02  2.469017E-01  3.812643E-01
   794  9.522000E-01  7.754097E-01  1.301256E-01  6.726707E-02  2.473630E-01  3.802419E-01
   795  9.534000E-01  7.817436E-01  1.294298E-01  6.745396E-02  2.478256E-01  3.792241E-01
   796  9.546000E-01  7.881386E-01  1.287390E-01  6.764278E-02  2.482895E-01  3.782107E-01
   797  9.558000E-01  7.945952E-01  1.280531E-01  6.783356E-02  2.487548E-01  3.772017E-01
   798  9.570000E-01  8.011145E-01  1.273719E-01  6.802632E-02  2.492214E-01  3.761972E-01
   799  9.582000E-01  8.076970E-01  1.266956E-01  6.822108E-02  2.496893E-01  3.751971E-01
   800  9.594000E-01  8.143437E-01  1.260239E-01  6.841786E-02  2.501586E-01  3.742013E-01
   801  9.606000E-01  8.210553E-01  1.253570E-01  6.861670E-02  2.506293E-01  3.732098E-01
   802  9.618000E-01  8.278326E-01  1.246948E-01  6.881761E-02  2.511013E-01  3.722227E-01
   803  9.630000E-01  8.346766E-01  1.240372E-01  6.902061E-02  2.515747E-01  3.712399E-01
   804  9.642000E-01  8.415880E-01  1.233841E-01  6.922574E-02  2.520494E-01  3.702614E-01
   805  9.654000E-01  8.485677E-01  1.227357E-01  6.943301E-02  2.525255E-01  3.692871E-01
   806  9.666000E-01  8.556166E-01  1.220917E-01  6.964246E-02  2.530031E-01  3.683170E-01
   807  9.678000E-01  8.627356E-01  1.214522E-01  6.985410E-02  2.534820E-01  3.673512E-01
   808  9.690000E-01  8.699256E-01  1.208172E-01  7.006797E-02  2.539623E-01  3.663896E-01
   809  9.702000E-01  8.771875E-01  1.201866E-01  7.028409E-02  2.544440E-01  3.654321E-01
   810  9.714000E-01  8.845222E-01  1.195603E-01  7.050249E-02  2.549271E-01  3.644787E-01
   811  9.726000E-01  8.919308E-01  1.189384E-01  7.072318E-02  2.554117E-01  3.635295E-01
   812  9.738000E-01  8.994141E-01  1.183207E-01  7.094621E-02  2.558977E-01  3.625844E-01
   813  9.750000E-01  9.069731E-01  1.177074E-01  7.117160E-02  2.563851E-01  3.616434E-01
   814  9.762000E-01  9.146089E-01  1.170982E-01  7.139938E-02  2.568739E-01  3.607064E-01
   815  9.774000E-01  9.223224E-01  1.164933E-01  7.162957E-02  2.573642E-01  3.597735E-01
   816  9.786000E-01  9.301146E-01  1.158925E-01  7.186221E-02  2.578559E-01  3.588446E-01
   817  9.798000E-01  9.379867E-01  1.152959E-01  7.209732E-02  2.583491E-01  3.579197E-01
   818  9.810000E-01  9.459397E-01  1.147033E-01  7.233493E-02  2.588437E-01  3.569987E-01
   819  9.822000E-01  9.539746E-01  1.141148E-01  7.257508E-02  2.593398E-01  3.560818E-01
   820  9.834000E-01  9.620926E-01  1.135303E-01  7.281779E-02  2.598374E-01  3.551687E-01
   821  9.846000E-01  9.702947E-01  1.129499E-01  7.306310E-02  2.603365E-01  3.542596E-01
   822  9.858000E-01  9.785821E-01  1.123734E-01  7.331104E-02  2.608370E-01  3.533543E-01
   823  9.870000E-01  9.869559E-01  1.118008E-01  7.356163E-02  2.613390E-01  3.524530E-01
   824  9.882000E-01  9.954174E-01  1.112321E-01  7.381492E-02  2.618426E-01  3.515554E-01
   825  9.894000E-01  1.003968E+00  1.106673E-01  7.407093E-02  2.623476E-01  3.506618E-01
   826  9.906000E-01  1.012608E+00  1.101063E-01  7.432969E-02  2.628541E-01  3.497719E-01
   827  9.918000E-01  1.021339E+00  1.095492E-01  7.459125E-02  2.633621E-01  3.488858E-01
   828  9.930000E-01  1.030163E+00  1.089958E-01  7.485564E-02  2.638717E-01  3.480035E-01
   829  9.942000E-01  1.039081E+00  1.084462E-01  7.512288E-02  2.643828E-01  3.471250E-01
   830  9.954000E-01  1.048093E+00  1.079003E-01  7.539302E-02  2.648954E-01  3.462501E-01
   831  9.966000E-01  1.057202E+00  1.073580E-01  7.566610E-02  2.654095E-01  3.453790E-01
   832  9.978000E-01  1.066409E+00  1.068194E-01  7.594214E-02  2.659251E-01  3.445116E-01
   833  9.990000E-01  1.075715E+00  1.062845E-01  7.622118E-02  2.664424E-01  3.436479E-01
   834  1.000200E+00  1.085121E+00  1.057531E-01  7.650327E-02  2.669611E-01  3.427878E-01
   835  1.001400E+00  1.094628E+00  1.052254E-01  7.678843E-02  2.674814E-01  3.419314E-01
   836  1.002600E+00  1.104239E+00  1.047011E-01  7.707671E-02  2.680033E-01  3.410785E-01
   837  1.003800E+00  1.113955E+00  1.041804E-01  7.736815E-02  2.685267E-01  3.402293E-01
   838  1.005000E+00  1.123776E+00  1.036631E-01  7.766279E-02  2.690517E-01  3.393837E-01
   839  1.006200E+00  1.133706E+00  1.031494E-01  7.796066E-02  2.695782E-01  3.385416E-01
   840  1.007400E+00  1.143744E+00  1.026390E-01  7.826181E-02  2.701064E-01  3.377030E-01
   841  1.008600E+00  1.153893E+00  1.021320E-01  7.856628E-02  2.706361E-01  3.368680E-01
   842  1.009800E+00  1.164154E+00  1.016285E-01  7.887410E-02  2.711674E-01  3.360364E-01
   843  1.011000E+00  1.174529E+00  1.011282E-01  7.918533E-02  2.717002E-01  3.352084E-01
   844  1.012200E+00  1.185019E+00  1.006313E-01  7.950001E-02  2.722347E-01  3.343838E-01
   845  1.013400E+00  1.195627E+00  1.001377E-01  7.981817E-02  2.727708E-01  3.335627E-01
   846  1.014600E+00  1.206353E+00  9.964731E-02  8.013987E-02  2.733085E-01  3.327450E-01
   847  1.015800E+00  1.217199E+00  9.916020E-02  8.046514E-02  2.738477E-01  3.319307E-01
   848  1.017000E+00  1.228168E+00  9.867629E-02  8.079405E-02  2.743886E-01  3.311198E-01
   849  1.018200E+00  1.239261E+00  9.819558E-02  8.112662E-02  2.749311E-01  3.303123E-01
   850  1.019400E+00  1.250479E+00  9.771803E-02  8.146290E-02  2.754752E-01  3.295081E-01
   851  1.020600E+00  1.261825E+00  9.724362E-02  8.180296E-02  2.760209E-01  3.287073E-01
   852  1.021800E+00  1.273300E+00  9.677232E-02  8.214683E-02  2.765683E-01  3.279097E-01
   853  1.023000E+00  1.284907E+00  9.630411E-02  8.249456E-02  2.771173E-01  3.271155E-01
   854  1.024200E+00  1.296647E+00  9.583897E-02  8.284620E-02  2.776679E-01  3.263246E-01
   855  1.025400E+00  1.308522E+00  9.537686E-02  8.320181E-02  2.782201E-01  3.255369E-01
   856  1.026600E+00  1.320534E+00  9.491777E-02  8.356143E-02  2.787740E-01  3.247525E-01
   857  1.027800E+00  1.332685E+00  9.446167E-02  8.392512E-02  2.793295E-01  3.239713E-01
   858  1.029000E+00  1.344978E+00  9.400853E-02  8.429292E-02  2.798867E-01  3.231933E-01
   859  1.030200E+00  1.357414E+00  9.355834E-02  8.466490E-02  2.804455E-01  3.224185E-01
   860  1.031400E+00  1.369995E+00  9.311106E-02  8.504111E-02  2.810060E-01  3.216469E-01
   861  1.032600E+00  1.382724E+00  9.266668E-02  8.542161E-02  2.815681E-01  3.208784E-01
   862  1.033800E+00  1.395602E+00  9.222518E-02  8.580644E-02  2.821318E-01  3.201131E-01
   863  1.035000E+00  1.408633E+00  9.178652E-02  8.619567E-02  2.826973E-01  3.193509E-01
   864  1.036200E+00  1.421818E+00  9.135069E-02  8.658936E-02  2.832643E-01  3.185918E-01
   865  1.037400E+00  1.435159E+00  9.091766E-02  8.698755E-02  2.838331E-01  3.178358E-01
   866  1.038600E+00  1.448660E+00  9.048742E-02  8.739033E-02  2.844035E-01  3.170829E-01
   867  1.039800E+00  1.462322E+00  9.005993E-02  8.779773E-02  2.849755E-01  3.163330E-01
   868  1.041000E+00  1.476148E+00  8.963518E-02  8.820983E-02  2.855493E-01  3.155862E-01
   869  1.042200E+00  1.490140E+00  8.921315E-02  8.862669E-02  2.861247E-01  3.148424E-01
   870  1.043400E+00  1.504301E+00  8.879380E-02  8.904837E-02  2.867018E-01  3.141015E-01
   871  1.044600E+00  1.518633E+00  8.837713E-02  8.947494E-02  2.872805E-01  3.133637E-01
   872  1.045800E+00  1.533139E+00  8.796311E-02  8.990646E-02  2.878609E-01  3.126288E-01
   873  1.047000E+00  1.547822E+00  8.755171E-02  9.034300E-02  2.884430E-01  3.118969E-01
   874  1.048200E+00  1.562685E+00  8.714293E-02  9.078462E-02  2.890268E-01  3.111679E-01
   875  1.049400E+00  1.577730E+00  8.673673E-02  9.123140E-02  2.896122E-01  3.104418E-01
   876  1.050600E+00  1.592959E+00  8.633309E-02  9.168340E-02  2.901994E-01  3.097187E-01
   877  1.051800E+00  1.608377E+00  8.593200E-02  9.214069E-02  2.907882E-01  3.089984E-01
   878  1.053000E+00  1.623986E+00  8.553343E-02  9.260336E-02  2.913787E-01  3.082809E-01
   879  1.054200E+00  1.639788E+00  8.513736E-02  9.307146E-02  2.919709E-01  3.075663E-01
   880  1.055400E+00  1.655787E+00  8.474378E-02  9.354507E-02  2.925647E-01  3.068546E-01
   881  1.056600E+00  1.671986E+00  8.435265E-02  9.402428E-02  2.931602E-01  3.061457E-01
   882  1.057800E+00  1.688388E+00  8.396398E-02  9.450915E-02  2.937575E-01  3.054395E-01
   883  1.059000E+00  1.704996E+00  8.357772E-02  9.499976E-02  2.943564E-01  3.047362E-01
   884  1.060200E+00  1.721813E+00  8.319387E-02  9.549620E-02  2.949570E-01  3.040356E-01
   885  1.061400E+00  1.738844E+00  8.281240E-02  9.599853E-02  2.955592E-01  3.033377E-01
   886  1.062600E+00  1.756090E+00  8.243329E-02  9.650685E-02  2.961632E-01  3.026426E-01
   887  1.063800E+00  1.773556E+00  8.205653E-02  9.702124E-02  2.967688E-01  3.019502E-01
   888  1.065000E+00  1.791245E+00  8.168209E-02  9.754178E-02  2.973761E-01  3.012605E-01
   889  1.066200E+00  1.809161E+00  8.130997E-02  9.806856E-02  2.979851E-01  3.005734E-01
   890  1.067400E+00  1.827307E+00  8.094012E-02  9.860166E-02  2.985958E-01  2.998891E-01
   891  1.068600E+00  1.845688E+00  8.057255E-02  9.914117E-02  2.992082E-01  2.992074E-01
   892  1.069800E+00  1.864305E+00  8.020723E-02  9.968718E-02  2.998222E-01  2.985283E-01
   893  1.071000E+00  1.883165E+00  7.984414E-02  1.002398E-01  3.004379E-01  2.978518E-01
   894  1.072200E+00  1.902270E+00  7.948326E-02  1.007991E-01  3.010553E-01  2.971779E-01
   895  1.073400E+00  1.921624E+00  7.912458E-02  1.013651E-01  3.016744E-01  2.965066E-01
   896  1.074600E+00  1.941232E+00  7.876807E-02  1.019381E-01  3.022951E-01  2.958379E-01
   897  1.075800E+00  1.961098E+00  7.841373E-02  1.025180E-01  3.029176E-01  2.951717E-01
   898  1.077000E+00  1.981226E+00  7.806152E-02  1.031050E-01  3.035417E-01  2.945081E-01
   899  1.078200E+00  2.001620E+00  7.771144E-02  1.036992E-01  3.041674E-01  2.938470E-01
   900  1.079400E+00  2.022284E+00  7.736347E-02  1.043006E-01  3.047948E-01  2.931883E-01
   901  1.080600E+00  2.043223E+00  7.701758E-02  1.049094E-01  3.054239E-01  2.925322E-01
   902  1.081800E+00  2.064442E+00  7.667376E-02  1.055257E-01  3.060547E-01  2.918785E-01
   903  1.083000E+00  2.085945E+00  7.633200E-02  1.061496E-01  3.066871E-01  2.912273E-01
   904  1.084200E+00  2.107737E+00  7.599228E-02  1.067812E-01  3.073212E-01  2.905785E-01
   905  1.085400E+00  2.129823E+00  7.565457E-02  1.074206E-01  3.079569E-01  2.899321E-01
   906  1.086600E+00  2.152208E+00  7.531887E-02  1.080679E-01  3.085943E-01  2.892881E-01
   907  1.087800E+00  2.174896E+00  7.498515E-02  1.087233E-01  3.092333E-01  2.886466E-01
   908  1.089000E+00  2.197893E+00  7.465341E-02  1.093868E-01  3.098740E-01  2.880073E-01
   909  1.090200E+00  2.221204E+00  7.432361E-02  1.100586E-01  3.105163E-01  2.873705E-01
   910  1.091400E+00  2.244834E+00  7.399576E-02  1.107388E-01  3.111603E-01  2.867359E-01
   911  1.092600E+00  2.268788E+00  7.366982E-02  1.114275E-01  3.118059E-01  2.861037E-01
   912  1.093800E+00  2.293073E+00  7.334579E-02  1.121248E-01  3.124531E-01  2.854738E-01
   913  1.095000E+00  2.317694E+00  7.302364E-02  1.128310E-01  3.131020E-01  2.848462E-01
   914  1.096200E+00  2.342656E+00  7.270337E-02  1.135460E-01  3.137525E-01  2.842209E-01
   915  1.097400E+00  2.367965E+00  7.238496E-02  1.142700E-01  3.144046E-01  2.835978E-01
   916  1.098600E+00  2.393628E+00  7.206838E-02  1.150032E-01  3.150583E-01  2.829770E-01
   917  1.099800E+00  2.419650E+00  7.175363E-02  1.157458E-01  3.157136E-01  2.823584E-01
   918  1.101000E+00  2.446037E+00  7.144069E-02  1.164977E-01  3.163706E-01  2.817420E-01
   919  1.102200E+00  2.472797E+00  7.112954E-02  1.172593E-01  3.170291E-01  2.811278E-01
   920  1.103400E+00  2.499934E+00  7.082017E-02  1.180305E-01  3.176893E-01  2.805157E-01
   921  1.104600E+00  2.527457E+00  7.051257E-02  1.188117E-01  3.183510E-01  2.799059E-01
   922  1.105800E+00  2.555371E+00  7.020671E-02  1.196028E-01  3.190144E-01  2.792981E-01
   923  1.107000E+00  2.583684E+00  6.990259E-02  1.204041E-01  3.196793E-01  2.786925E-01
   924  1.108200E+00  2.612402E+00  6.960018E-02  1.212158E-01  3.203458E-01  2.780891E-01
   925  1.109400E+00  2.641532E+00  6.929948E-02  1.220379E-01  3.210139E-01  2.774877E-01
   926  1.110600E+00  2.671083E+00  6.900047E-02  1.228706E-01  3.216835E-01  2.768884E-01
   927  1.111800E+00  2.701060E+00  6.870313E-02  1.237142E-01  3.223548E-01  2.762912E-01
   928  1.113000E+00  2.731472E+00  6.840745E-02  1.245687E-01  3.230275E-01  2.756960E-01
   929  1.114200E+00  2.762327E+00  6.811342E-02  1.254344E-01  3.237019E-01  2.751028E-01
   930  1.115400E+00  2.793632E+00  6.782101E-02  1.263113E-01  3.243777E-01  2.745117E-01
   931  1.116600E+00  2.825396E+00  6.753023E-02  1.271997E-01  3.250552E-01  2.739226E-01
   932  1.117800E+00  2.857626E+00  6.724104E-02  1.280998E-01  3.257341E-01  2.733354E-01
   933  1.119000E+00  2.890331E+00  6.695345E-02  1.290117E-01  3.264146E-01  2.727503E-01
   934  1.120200E+00  2.923519E+00  6.666743E-02  1.299357E-01  3.270966E-01  2.721671E-01
   935  1.121400E+00  2.957200E+00  6.638297E-02  1.308718E-01  3.277801E-01  2.715858E-01
   936  1.122600E+00  2.991382E+00  6.610006E-02  1.318204E-01  3.284651E-01  2.710065E-01
   937  1.123800E+00  3.026074E+00  6.581869E-02  1.327815E-01  3.291517E-01  2.704290E-01
   938  1.125000E+00  3.061286E+00  6.553883E-02  1.337554E-01  3.298397E-01  2.698535E-01
   939  1.126200E+00  3.097027E+00  6.526048E-02  1.347423E-01  3.305292E-01  2.692798E-01
   940  1.127400E+00  3.133306E+00  6.498362E-02  1.357424E-01  3.312202E-01  2.687081E-01
   941  1.128600E+00  3.170134E+00  6.470825E-02  1.367559E-01  3.319127E-01  2.681381E-01
   942  1.129800E+00  3.207521E+00  6.443434E-02  1.377830E-01  3.326067E-01  2.675700E-01
   943  1.131000E+00  3.245477E+00  6.416188E-02  1.388239E-01  3.333021E-01  2.670037E-01
   944  1.132200E+00  3.284012E+00  6.389087E-02  1.398789E-01  3.339989E-01  2.664392E-01
   945  1.133400E+00  3.323137E+00  6.362128E-02  1.409481E-01  3.346972E-01  2.658765E-01
   946  1.134600E+00  3.362864E+00  6.335311E-02  1.420319E-01  3.353970E-01  2.653155E-01
   947  1.135800E+00  3.403203E+00  6.308634E-02  1.431304E-01  3.360982E-01  2.647564E-01
   948  1.137000E+00  3.444166E+00  6.282096E-02  1.442439E-01  3.368008E-01  2.641989E-01
   949  1.138200E+00  3.485764E+00  6.255696E-02  1.453725E-01  3.375048E-01  2.636432E-01
   950  1.139400E+00  3.528011E+00  6.229432E-02  1.465167E-01  3.382102E-01  2.630892E-01
   951  1.140600E+00  3.570917E+00  6.203304E-02  1.476765E-01  3.389171E-01  2.625368E-01
   952  1.141800E+00  3.614495E+00  6.177310E-02  1.488524E-01  3.396253E-01  2.619862E-01
   953  1.143000E+00  3.658758E+00  6.151448E-02  1.500444E-01  3.403349E-01  2.614372E-01
   954  1.144200E+00  3.703720E+00  6.125718E-02  1.512529E-01  3.410459E-01  2.608899E-01
   955  1.145400E+00  3.749393E+00  6.100119E-02  1.524783E-01  3.417582E-01  2.603442E-01
   956  1.146600E+00  3.795791E+00  6.074648E-02  1.537206E-01  3.424719E-01  2.598001E-01
   957  1.147800E+00  3.842928E+00  6.049306E-02  1.549803E-01  3.431869E-01  2.592576E-01
   958  1.149000E+00  3.890818E+00  6.024090E-02  1.562576E-01  3.439033E-01  2.587167E-01
   959  1.150200E+00  3.939476E+00  5.999001E-02  1.575528E-01  3.446211E-01  2.581774E-01
   960  1.151400E+00  3.988917E+00  5.974035E-02  1.588662E-01  3.453401E-01  2.576396E-01
   961  1.152600E+00  1.000000E+00  0.000000E+00  0.000000E+00  0.000000E+00  0.000000E+00
   962  1.153800E+00  1.000000E+00  0.000000E+00  0.000000E+00  0.000000E+00  0.000000E+00
   963  1.155000E+00  1.000000E+00  0.000000E+00  0.000000E+00  0.000000E+00  0.000000E+00
   964  1.156200E+00  1.000000E+00  0.000000E+00  0.000000E+00  0.000000E+00  0.000000E+00
   965  1.157400E+00  1.000000E+00  0.000000E+00  0.000000E+00  0.000000E+00  0.000000E+00
   966  1.158600E+00  1.000000E+00  0.000000E+00  0.000000E+00  0.000000E+00  0.000000E+00
   967  1.159800E+00  1.000000E+00  0.000000E+00  0.000000E+00  0.000000E+00  0.000000E+00
   968  1.161000E+00  1.000000E+00  0.000000E+00  0.000000E+00  0.000000E+00  0.000000E+00
   969  1.162200E+00  1.000000E+00  0.000000E+00  0.000000E+00  0.000000E+00  0.000000E+00
   970  1.163400E+00  1.000000E+00  0.000000E+00  0.000000E+00  0.000000E+00  0.000000E+00
   971  1.164600E+00  1.000000E+00  0.000000E+00  0.000000E+00  0.000000E+00  0.000000E+00
   972  1.165800E+00  1.000000E+00  0.000000E+00  0.000000E+00  0.000000E+00  0.000000E+00
   973  1.167000E+00  1.000000E+00  0.000000E+00  0.000000E+00  0.000000E+00  0.000000E+00
   974  1.168200E+00  1.000000E+00  0.000000E+00  0.000000E+00  0.000000E+00  0.000000E+00
   975  1.169400E+00  1.000000E+00  0.000000E+00  0.000000E+00  0.000000E+00  0.000000E+00
   976  1.170600E+00  1.000000E+00  0.000000E+00  0.000000E+00  0.000000E+00  0.000000E+00
   977  1.171800E+00  1.000000E+00  0.000000E+00  0.000000E+00  0.000000E+00  0.000000E+00
   978  1.173000E+00  1.000000E+00  0.000000E+00  0.000000E+00  0.000000E+00  0.000000E+00
   979  1.174200E+00  1.000000E+00  0.000000E+00  0.000000E+00  0.000000E+00  0.000000E+00
   980  1.175400E+00  1.000000E+00  0.000000E+00  0.000000E+00  0.000000E+00  0.000000E+00
   981  1.176600E+00  1.000000E+00  0.000000E+00  0.000000E+00  0.000000E+00  0.000000E+00
   982  1.177800E+00  1.000000E+00  0.000000E+00  0.000000E+00  0.000000E+00  0.000000E+00
   983  1.179000E+00  1.000000E+00  0.000000E+00  0.000000E+00  0.000000E+00  0.000000E+00
   984  1.180200E+00  1.000000E+00  0.000000E+00  0.000000E+00  0.000000E+00  0.000000E+00
   985  1.181400E+00  1.000000E+00  0.000000E+00  0.000000E+00  0.000000E+00  0.000000E+00
   986  1.182600E+00  1.000000E+00  0.000000E+00  0.000000E+00  0.000000E+00  0.000000E+00
   987  1.183800E+00  1.000000E+00  0.000000E+00  0.000000E+00  0.000000E+00  0.000000E+00
   988  1.185000E+00  1.000000E+00  0.000000E+00  0.000000E+00  0.000000E+00  0.000000E+00
   989  1.186200E+00  1.000000E+00  0.000000E+00  0.000000E+00  0.000000E+00  0.000000E+00
   990  1.187400E+00  1.000000E+00  0.000000E+00  0.000000E+00  0.000000E+00  0.000000E+00
   991  1.188600E+00  1.000000E+00  0.000000E+00  0.000000E+00  0.000000E+00  0.000000E+00
   992  1.189800E+00  1.000000E+00  0.000000E+00  0.000000E+00  0.000000E+00  0.000000E+00
   993  1.191000E+00  1.000000E+00  0.000000E+00  0.000000E+00  0.000000E+00  0.000000E+00
   994  1.192200E+00  1.000000E+00  0.000000E+00  0.000000E+00  0.000000E+00  0.000000E+00
   995  1.193400E+00  1.000000E+00  0.000000E+00  0.000000E+00  0.000000E+00  0.000000E+00
   996  1.194600E+00  1.000000E+00  0.000000E+00  0.000000E+00  0.000000E+00  0.000000E+00
   997  1.195800E+00  1.000000E+00  0.000000E+00  0.000000E+00  0.000000E+00  0.000000E+00
   998  1.197000E+00  1.000000E+00  0.000000E+00  0.000000E+00  0.000000E+00  0.000000E+00
   999  1.198200E+00  1.000000E+00  0.000000E+00  0.000000E+00  0.000000E+00  0.000000E+00
  1000  1.199400E+00  1.000000E+00  0.000000E+00  0.000000E+00  0.000000E+00  0.000000E+00
